startup =       20000
elapsed =       10000
threads =       8
accounts =      8
init =          1000000
maxAmount =     10
readFreq =      0
writeFreq =     0
readThreads =   0
writeThreads =  0
disjointTrans = false
yieldALot =     false
flavour =       t

warming up
timed execution

TOTAL=8000000.0 [ 999266.0 994598.0 995127.0 1001856.0 996214.0 1016000.0 998351.0 998588.0 ]

10014 actual elapsed

T=258176, R=0, W=0
T=266499, R=0, W=0
T=258736, R=0, W=0
T=276187, R=0, W=0
T=263580, R=0, W=0
T=263161, R=0, W=0
T=276927, R=0, W=0
T=267258, R=0, W=0

TOTAL: T=2130524, R=0, W=0
--- 3924 MB collected in 0.745 secs (2.3% of total), longest GC took 0.160 secs
DATA gc:  total_k 4018569  total_secs 0.745368  max_secs 0.160083
