startup =       20000
elapsed =       10000
threads =       4
accounts =      4
init =          1000000
maxAmount =     10
readFreq =      0
writeFreq =     0
readThreads =   0
writeThreads =  0
disjointTrans = false
yieldALot =     false
flavour =       t

warming up
timed execution

TOTAL=4000000.0 [ 1010807.0 1008720.0 993711.0 986762.0 ]

10014 actual elapsed

T=380771, R=0, W=0
T=380168, R=0, W=0
T=374694, R=0, W=0
T=371906, R=0, W=0

TOTAL: T=1507539, R=0, W=0
--- 2227 MB collected in 0.646 secs (2.0% of total), longest GC took 0.161 secs
DATA gc:  total_k 2280737  total_secs 0.646341  max_secs 0.161497
