startup =       20000
elapsed =       10000
threads =       8
accounts =      8
init =          1000000
maxAmount =     10
readFreq =      0
writeFreq =     0
readThreads =   0
writeThreads =  0
disjointTrans = false
yieldALot =     false
flavour =       d

warming up
timed execution

TOTAL=8000000.0 [ 997740.0 1000449.0 1005813.0 997971.0 997678.0 1000355.0 1002608.0 997386.0 ]

10013 actual elapsed

T=245564, R=0, W=0
T=244155, R=0, W=0
T=261921, R=0, W=0
T=260412, R=0, W=0
T=238640, R=0, W=0
T=240896, R=0, W=0
T=234205, R=0, W=0
T=247627, R=0, W=0

TOTAL: T=1973420, R=0, W=0
--- 2905 MB collected in 0.617 secs (2.0% of total), longest GC took 0.171 secs
DATA gc:  total_k 2975683  total_secs 0.616718  max_secs 0.17064
