startup =       20000
elapsed =       10000
threads =       32
accounts =      32
init =          1000000
maxAmount =     10
readFreq =      0
writeFreq =     0
readThreads =   0
writeThreads =  0
disjointTrans = false
yieldALot =     false
flavour =       t

warming up
timed execution

TOTAL=3.2E7 [ 1007554.0 995022.0 1000500.0 1010220.0 1010118.0 1008561.0 999509.0 1000779.0 996268.0 997436.0 989862.0 1002978.0 989922.0 1005279.0 1000515.0 1010595.0 994530.0 1005609.0 993687.0 1004548.0 997561.0 1009166.0 998415.0 992978.0 989464.0 998181.0 998975.0 999995.0 999214.0 1002663.0 993596.0 996300.0 ]

10014 actual elapsed

T=184884, R=0, W=0
T=191593, R=0, W=0
T=196740, R=0, W=0
T=193121, R=0, W=0
T=185137, R=0, W=0
T=195731, R=0, W=0
T=195825, R=0, W=0
T=194553, R=0, W=0
T=180278, R=0, W=0
T=199429, R=0, W=0
T=196967, R=0, W=0
T=195264, R=0, W=0
T=179668, R=0, W=0
T=193192, R=0, W=0
T=201844, R=0, W=0
T=194254, R=0, W=0
T=178383, R=0, W=0
T=200586, R=0, W=0
T=200160, R=0, W=0
T=193866, R=0, W=0
T=62513, R=0, W=0
T=199641, R=0, W=0
T=202056, R=0, W=0
T=193914, R=0, W=0
T=183348, R=0, W=0
T=200609, R=0, W=0
T=199703, R=0, W=0
T=195193, R=0, W=0
T=183023, R=0, W=0
T=196754, R=0, W=0
T=201650, R=0, W=0
T=185934, R=0, W=0

TOTAL: T=6055813, R=0, W=0
--- 10012 MB collected in 1.282 secs (4.0% of total), longest GC took 0.155 secs
DATA gc:  total_k 10253059  total_secs 1.28215  max_secs 0.155245
