startup =       20000
elapsed =       10000
threads =       4
accounts =      4
init =          1000000
maxAmount =     10
readFreq =      0
writeFreq =     0
readThreads =   0
writeThreads =  0
disjointTrans = false
yieldALot =     false
flavour =       d

warming up
timed execution

TOTAL=4000000.0 [ 997319.0 1007747.0 1001139.0 993795.0 ]

10013 actual elapsed

T=329242, R=0, W=0
T=322349, R=0, W=0
T=323226, R=0, W=0
T=333361, R=0, W=0

TOTAL: T=1308178, R=0, W=0
--- 1546 MB collected in 0.299 secs (1.0% of total), longest GC took 0.129 secs
DATA gc:  total_k 1583568  total_secs 0.298947  max_secs 0.129307
