startup =       20000
elapsed =       10000
threads =       16
accounts =      16
init =          1000000
maxAmount =     10
readFreq =      0
writeFreq =     0
readThreads =   0
writeThreads =  0
disjointTrans = false
yieldALot =     false
flavour =       t

warming up
timed execution

TOTAL=1.6E7 [ 993272.0 989703.0 1005083.0 992320.0 1006532.0 1005516.0 1004436.0 998516.0 1003432.0 1003677.0 1012219.0 994227.0 1002551.0 996860.0 990902.0 1000754.0 ]

10014 actual elapsed

T=233685, R=0, W=0
T=232193, R=0, W=0
T=231574, R=0, W=0
T=223068, R=0, W=0
T=226931, R=0, W=0
T=226905, R=0, W=0
T=225539, R=0, W=0
T=239547, R=0, W=0
T=230777, R=0, W=0
T=227804, R=0, W=0
T=228107, R=0, W=0
T=245214, R=0, W=0
T=233479, R=0, W=0
T=224002, R=0, W=0
T=221177, R=0, W=0
T=242738, R=0, W=0

TOTAL: T=3692740, R=0, W=0
--- 6635 MB collected in 0.852 secs (2.6% of total), longest GC took 0.133 secs
DATA gc:  total_k 6794608  total_secs 0.851515  max_secs 0.133131
