startup =       20000
elapsed =       10000
threads =       16
accounts =      16
init =          1000000
maxAmount =     10
readFreq =      0
writeFreq =     0
readThreads =   0
writeThreads =  0
disjointTrans = false
yieldALot =     false
flavour =       d

warming up
timed execution

TOTAL=1.6E7 [ 1014407.0 1003477.0 1006699.0 1005548.0 1005146.0 988125.0 998562.0 1005088.0 1000959.0 985960.0 999452.0 997371.0 1002577.0 999839.0 993531.0 993259.0 ]

10014 actual elapsed

T=214837, R=0, W=0
T=209963, R=0, W=0
T=207273, R=0, W=0
T=213871, R=0, W=0
T=212340, R=0, W=0
T=209045, R=0, W=0
T=204324, R=0, W=0
T=208790, R=0, W=0
T=208804, R=0, W=0
T=210780, R=0, W=0
T=215750, R=0, W=0
T=215155, R=0, W=0
T=212095, R=0, W=0
T=201384, R=0, W=0
T=209728, R=0, W=0
T=221797, R=0, W=0

TOTAL: T=3375936, R=0, W=0
--- 5616 MB collected in 0.867 secs (2.7% of total), longest GC took 0.191 secs
DATA gc:  total_k 5750990  total_secs 0.866807  max_secs 0.191094
