startup =       20000
elapsed =       10000
threads =       8
accounts =      8
init =          1000000
maxAmount =     10
readFreq =      0
writeFreq =     0
readThreads =   0
writeThreads =  0
disjointTrans = false
yieldALot =     false
flavour =       t

warming up
timed execution

TOTAL=8000000.0 [ 995301.0 1010761.0 991469.0 1005496.0 986390.0 1007925.0 997030.0 1005628.0 ]

10014 actual elapsed

T=262319, R=0, W=0
T=254857, R=0, W=0
T=260866, R=0, W=0
T=284481, R=0, W=0
T=278657, R=0, W=0
T=266972, R=0, W=0
T=268571, R=0, W=0
T=261002, R=0, W=0

TOTAL: T=2137725, R=0, W=0
--- 3584 MB collected in 0.733 secs (2.4% of total), longest GC took 0.147 secs
DATA gc:  total_k 3670489  total_secs 0.732889  max_secs 0.14729
