startup =       20000
elapsed =       10000
threads =       4
accounts =      4
init =          1000000
maxAmount =     10
readFreq =      0
writeFreq =     0
readThreads =   0
writeThreads =  0
disjointTrans = false
yieldALot =     false
flavour =       t

warming up
timed execution

TOTAL=4000000.0 [ 1007130.0 992305.0 995228.0 1005337.0 ]

10014 actual elapsed

T=363854, R=0, W=0
T=364797, R=0, W=0
T=372709, R=0, W=0
T=360286, R=0, W=0

TOTAL: T=1461646, R=0, W=0
--- 2227 MB collected in 0.621 secs (2.0% of total), longest GC took 0.158 secs
DATA gc:  total_k 2281063  total_secs 0.620886  max_secs 0.157524
