startup =       20000
elapsed =       10000
threads =       32
accounts =      32
init =          1000000
maxAmount =     10
readFreq =      0
writeFreq =     0
readThreads =   0
writeThreads =  0
disjointTrans = false
yieldALot =     false
flavour =       rfw

warming up
timed execution

TOTAL=3.1999992E7 [ 991749.0 1003742.0 998133.0 1009825.0 996813.0 999015.0 994365.0 1013777.0 1000977.0 1005297.0 997003.0 1000884.0 997676.0 1004572.0 995324.0 1011610.0 994387.0 1003429.0 996675.0 992077.0 997582.0 999546.0 1011306.0 1003624.0 997087.0 986717.0 1013750.0 997767.0 995721.0 991662.0 1001959.0 995949.0 ]

10015 actual elapsed

T=179204, R=0, W=0
T=184279, R=0, W=0
T=177993, R=0, W=0
T=202686, R=0, W=0
T=178974, R=0, W=0
T=177023, R=0, W=0
T=87569, R=0, W=0
T=201683, R=0, W=0
T=178801, R=0, W=0
T=179113, R=0, W=0
T=179980, R=0, W=0
T=198337, R=0, W=0
T=180970, R=0, W=0
T=180528, R=0, W=0
T=177989, R=0, W=0
T=197530, R=0, W=0
T=179775, R=0, W=0
T=181512, R=0, W=0
T=178089, R=0, W=0
T=187232, R=0, W=0
T=175407, R=0, W=0
T=183483, R=0, W=0
T=172646, R=0, W=0
T=204626, R=0, W=0
T=155207, R=0, W=0
T=143214, R=0, W=0
T=178186, R=0, W=0
T=196505, R=0, W=0
T=176994, R=0, W=0
T=180594, R=0, W=0
T=176142, R=0, W=0
T=192967, R=0, W=0

TOTAL: T=5725238, R=0, W=0
--- 9673 MB collected in 1.316 secs (4.1% of total), longest GC took 0.133 secs
DATA gc:  total_k 9905409  total_secs 1.31589  max_secs 0.133108
