startup =       20000
elapsed =       10000
threads =       8
accounts =      8
init =          1000000
maxAmount =     10
readFreq =      0
writeFreq =     0
readThreads =   0
writeThreads =  0
disjointTrans = false
yieldALot =     false
flavour =       d

warming up
timed execution

TOTAL=8000000.0 [ 997967.0 1000178.0 986941.0 994001.0 995577.0 1004156.0 1006572.0 1014608.0 ]

10014 actual elapsed

T=250063, R=0, W=0
T=243064, R=0, W=0
T=255998, R=0, W=0
T=256655, R=0, W=0
T=254825, R=0, W=0
T=236977, R=0, W=0
T=253624, R=0, W=0
T=243356, R=0, W=0

TOTAL: T=1994562, R=0, W=0
--- 2905 MB collected in 0.747 secs (2.5% of total), longest GC took 0.155 secs
DATA gc:  total_k 2975201  total_secs 0.746625  max_secs 0.155341
