startup =       20000
elapsed =       10000
threads =       16
accounts =      16
init =          1000000
maxAmount =     10
readFreq =      0
writeFreq =     0
readThreads =   0
writeThreads =  0
disjointTrans = false
yieldALot =     false
flavour =       d

warming up
timed execution

TOTAL=1.6E7 [ 1004888.0 1005320.0 995754.0 996657.0 996948.0 988442.0 991228.0 996266.0 996964.0 1008769.0 1013796.0 1012116.0 988695.0 996845.0 1001273.0 1006039.0 ]

10020 actual elapsed

T=204362, R=0, W=0
T=215630, R=0, W=0
T=210722, R=0, W=0
T=220579, R=0, W=0
T=203107, R=0, W=0
T=209900, R=0, W=0
T=191893, R=0, W=0
T=208699, R=0, W=0
T=194688, R=0, W=0
T=221086, R=0, W=0
T=209013, R=0, W=0
T=223400, R=0, W=0
T=205580, R=0, W=0
T=217515, R=0, W=0
T=203484, R=0, W=0
T=230757, R=0, W=0

TOTAL: T=3370415, R=0, W=0
--- 5276 MB collected in 0.819 secs (2.7% of total), longest GC took 0.150 secs
DATA gc:  total_k 5403348  total_secs 0.819245  max_secs 0.150065
