startup =       20000
elapsed =       10000
threads =       32
accounts =      32
init =          1000000
maxAmount =     10
readFreq =      0
writeFreq =     0
readThreads =   0
writeThreads =  0
disjointTrans = false
yieldALot =     false
flavour =       d

warming up
timed execution

TOTAL=3.2E7 [ 986499.0 1003004.0 999962.0 1002017.0 1003998.0 996340.0 989124.0 999683.0 999943.0 997255.0 1010784.0 998185.0 1002501.0 997369.0 999517.0 1000114.0 990525.0 1002450.0 1015992.0 998625.0 989124.0 1005243.0 1000845.0 998325.0 1004609.0 1009044.0 1006271.0 1002934.0 999238.0 998187.0 995068.0 997225.0 ]

10015 actual elapsed

T=180971, R=0, W=0
T=184271, R=0, W=0
T=183938, R=0, W=0
T=187316, R=0, W=0
T=183471, R=0, W=0
T=184881, R=0, W=0
T=188150, R=0, W=0
T=183525, R=0, W=0
T=181537, R=0, W=0
T=188135, R=0, W=0
T=185793, R=0, W=0
T=192573, R=0, W=0
T=184616, R=0, W=0
T=189654, R=0, W=0
T=164111, R=0, W=0
T=191907, R=0, W=0
T=186312, R=0, W=0
T=187507, R=0, W=0
T=192450, R=0, W=0
T=184964, R=0, W=0
T=190198, R=0, W=0
T=188006, R=0, W=0
T=184311, R=0, W=0
T=191929, R=0, W=0
T=182625, R=0, W=0
T=185975, R=0, W=0
T=187044, R=0, W=0
T=188213, R=0, W=0
T=172505, R=0, W=0
T=183607, R=0, W=0
T=185465, R=0, W=0
T=198515, R=0, W=0

TOTAL: T=5944475, R=0, W=0
--- 8993 MB collected in 1.501 secs (4.7% of total), longest GC took 0.176 secs
DATA gc:  total_k 9209141  total_secs 1.50082  max_secs 0.17591
