startup =       4000
elapsed =       10000
threads =       8
accounts =      8
init =          1000000
maxAmount =     10
readFreq =      0
writeFreq =     0
readThreads =   0
writeThreads =  0
disjointTrans = false
yieldALot =     false
flavour =       t

warming up
timed execution

TOTAL=8000000.0 [ 1006115.0 990187.0 1012576.0 1010182.0 982123.0 994945.0 992501.0 1011371.0 ]

10002 actual elapsed

T=1206669, R=0, W=0
T=1234882, R=0, W=0
T=1222696, R=0, W=0
T=1216843, R=0, W=0
T=1237893, R=0, W=0
T=1017768, R=0, W=0
T=1233676, R=0, W=0
T=1255000, R=0, W=0

TOTAL: T=9625427, R=0, W=0
--- 14,371 MB collected in 0.047 secs (0.3% of total), longest GC took 0.003 secs
DATA gc:  total_k 14716906  total_secs 0.04697  max_secs 0.002676
