startup =       20000
elapsed =       10000
threads =       8
accounts =      8
init =          1000000
maxAmount =     10
readFreq =      0
writeFreq =     0
readThreads =   0
writeThreads =  0
disjointTrans = false
yieldALot =     false
flavour =       rfw

warming up
timed execution

TOTAL=8000000.0 [ 997662.0 1004022.0 999501.0 999376.0 994065.0 993541.0 999854.0 1011979.0 ]

10014 actual elapsed

T=249649, R=0, W=0
T=246910, R=0, W=0
T=262788, R=0, W=0
T=248260, R=0, W=0
T=244267, R=0, W=0
T=237591, R=0, W=0
T=233227, R=0, W=0
T=242190, R=0, W=0

TOTAL: T=1964882, R=0, W=0
--- 3245 MB collected in 0.623 secs (2.0% of total), longest GC took 0.163 secs
DATA gc:  total_k 3323415  total_secs 0.623264  max_secs 0.163399
