startup =       4000
elapsed =       10000
threads =       4
accounts =      128
init =          1000000
maxAmount =     10
readFreq =      0
writeFreq =     0
readThreads =   0
writeThreads =  0
disjointTrans = false
yieldALot =     false
flavour =       rfw

warming up
timed execution

TOTAL=1.27999984E8 [ 990267.0 990882.0 1013444.0 996996.0 993792.0 991270.0 999544.0 1010284.0 1005165.0 1005518.0 992432.0 996434.0 990778.0 984599.0 993455.0 1005087.0 994916.0 997795.0 1005651.0 1006480.0 987842.0 997590.0 999218.0 1001804.0 1004368.0 1005735.0 1008913.0 996378.0 997695.0 1010313.0 1012241.0 992442.0 997320.0 999980.0 992576.0 994037.0 997267.0 990384.0 1006561.0 997682.0 997731.0 1014321.0 985560.0 1000988.0 992072.0 1016388.0 1005969.0 994713.0 1002327.0 992676.0 1012728.0 1010859.0 1006573.0 1004268.0 1002565.0 1009044.0 1011198.0 1002209.0 1002356.0 992494.0 1010362.0 996874.0 996274.0 989588.0 1005936.0 998160.0 996315.0 995458.0 987620.0 998295.0 1010805.0 997037.0 1001447.0 1005135.0 997810.0 991463.0 996313.0 998600.0 995530.0 993949.0 1003842.0 1000401.0 991868.0 1006939.0 1000447.0 993651.0 991434.0 989330.0 1006643.0 1004328.0 1018720.0 1001881.0 1000835.0 992061.0 994077.0 996819.0 1004184.0 987604.0 1013422.0 1009581.0 1000938.0 995631.0 1001126.0 997227.0 989846.0 989792.0 1002733.0 1015104.0 996104.0 999670.0 999134.0 999927.0 1001984.0 997886.0 998912.0 998297.0 1000590.0 999405.0 1005521.0 1009910.0 996301.0 1001641.0 1000496.0 996882.0 991714.0 1015051.0 1006359.0 1008607.0 ]

10001 actual elapsed

T=7766043, R=0, W=0
T=6931827, R=0, W=0
T=6671402, R=0, W=0
T=7745076, R=0, W=0

TOTAL: T=29114348, R=0, W=0
--- 21,732 MB collected in 0.043 secs (0.3% of total), longest GC took 0.003 secs
DATA gc:  total_k 22254486  total_secs 0.042899  max_secs 0.002538
