startup =       4000
elapsed =       10000
threads =       8
accounts =      8
init =          1000000
maxAmount =     10
readFreq =      0
writeFreq =     0
readThreads =   0
writeThreads =  0
disjointTrans = false
yieldALot =     false
flavour =       rfw

warming up
timed execution

TOTAL=8000000.0 [ 989633.0 1000117.0 971180.0 1017026.0 992836.0 987295.0 1045047.0 996866.0 ]

10002 actual elapsed

T=1135870, R=0, W=0
T=1085276, R=0, W=0
T=1001049, R=0, W=0
T=933090, R=0, W=0
T=1084026, R=0, W=0
T=1053979, R=0, W=0
T=919160, R=0, W=0
T=896501, R=0, W=0

TOTAL: T=8108951, R=0, W=0
--- 11,572 MB collected in 0.058 secs (0.4% of total), longest GC took 0.003 secs
DATA gc:  total_k 11850189  total_secs 0.057649  max_secs 0.002948
