startup =       4000
elapsed =       10000
threads =       2
accounts =      2
init =          1000000
maxAmount =     10
readFreq =      0
writeFreq =     0
readThreads =   0
writeThreads =  0
disjointTrans = false
yieldALot =     false

warming up
timed execution

TOTAL=2000000.0 [ 987930.0 1012070.0 ]

10001 actual elapsed

T=2237485, R=0, W=0
T=3243973, R=0, W=0

TOTAL: T=5481458, R=0, W=0
--- 4,499 MB collected in 0.025 secs (0.2% of total), longest GC took 0.002 secs
DATA gc:  total_k 4607894  total_secs 0.025399  max_secs 0.002302
