startup =       4000
elapsed =       10000
threads =       32
accounts =      32
init =          1000000
maxAmount =     10
readFreq =      0
writeFreq =     0
readThreads =   0
writeThreads =  0
disjointTrans = false
yieldALot =     false
flavour =       t

warming up
timed execution

TOTAL=3.2000002E7 [ 1021320.0 1031023.0 1011425.0 1052736.0 948822.0 995525.0 1041513.0 971086.0 964687.0 995983.0 996071.0 929487.0 961007.0 1030115.0 962677.0 1047063.0 979891.0 984630.0 1008230.0 1019114.0 1045956.0 1024375.0 1010528.0 994965.0 1046283.0 977946.0 1011102.0 981573.0 971875.0 1001259.0 1004963.0 976770.0 ]

10002 actual elapsed

T=706306, R=0, W=0
T=649026, R=0, W=0
T=586026, R=0, W=0
T=701609, R=0, W=0
T=670845, R=0, W=0
T=788307, R=0, W=0
T=641402, R=0, W=0
T=713565, R=0, W=0
T=643952, R=0, W=0
T=743457, R=0, W=0
T=648081, R=0, W=0
T=717589, R=0, W=0
T=696057, R=0, W=0
T=719083, R=0, W=0
T=642580, R=0, W=0
T=645223, R=0, W=0
T=637293, R=0, W=0
T=641372, R=0, W=0
T=699581, R=0, W=0
T=640072, R=0, W=0
T=642480, R=0, W=0
T=672191, R=0, W=0
T=645672, R=0, W=0
T=705089, R=0, W=0
T=696228, R=0, W=0
T=647853, R=0, W=0
T=707014, R=0, W=0
T=721628, R=0, W=0
T=628462, R=0, W=0
T=729448, R=0, W=0
T=591408, R=0, W=0
T=669754, R=0, W=0

TOTAL: T=21588653, R=0, W=0
--- 24,895 MB collected in 0.123 secs (0.9% of total), longest GC took 0.004 secs
DATA gc:  total_k 25493299  total_secs 0.122636  max_secs 0.004296
