startup =       4000
elapsed =       10000
threads =       4
accounts =      4
init =          1000000
maxAmount =     10
readFreq =      0
writeFreq =     0
readThreads =   0
writeThreads =  0
disjointTrans = false
yieldALot =     false

warming up
timed execution

TOTAL=4000000.0 [ 984193.0 1006072.0 1019313.0 990422.0 ]

10002 actual elapsed

T=1558386, R=0, W=0
T=1687906, R=0, W=0
T=1487745, R=0, W=0
T=1504903, R=0, W=0

TOTAL: T=6238940, R=0, W=0
--- 7,344 MB collected in 0.032 secs (0.2% of total), longest GC took 0.002 secs
DATA gc:  total_k 7520814  total_secs 0.031542  max_secs 0.002003
