startup =       20000
elapsed =       10000
threads =       32
accounts =      32
init =          1000000
maxAmount =     10
readFreq =      0
writeFreq =     0
readThreads =   0
writeThreads =  0
disjointTrans = false
yieldALot =     false
flavour =       d

warming up
timed execution

TOTAL=3.1999996E7 [ 995349.0 1001017.0 1005694.0 1011952.0 993844.0 998783.0 998508.0 995668.0 996730.0 994480.0 995111.0 990162.0 1011275.0 997681.0 1004626.0 1005530.0 996154.0 1006468.0 1006742.0 994141.0 995405.0 1008908.0 998813.0 1008390.0 1007315.0 997234.0 998325.0 988853.0 998064.0 999305.0 991953.0 1007520.0 ]

10014 actual elapsed

T=182719, R=0, W=0
T=181097, R=0, W=0
T=180954, R=0, W=0
T=176707, R=0, W=0
T=185221, R=0, W=0
T=177388, R=0, W=0
T=175942, R=0, W=0
T=173766, R=0, W=0
T=180707, R=0, W=0
T=177056, R=0, W=0
T=178939, R=0, W=0
T=168044, R=0, W=0
T=180639, R=0, W=0
T=177738, R=0, W=0
T=178624, R=0, W=0
T=176747, R=0, W=0
T=179283, R=0, W=0
T=166725, R=0, W=0
T=179005, R=0, W=0
T=176628, R=0, W=0
T=184477, R=0, W=0
T=175182, R=0, W=0
T=180930, R=0, W=0
T=170608, R=0, W=0
T=184556, R=0, W=0
T=177390, R=0, W=0
T=185441, R=0, W=0
T=174123, R=0, W=0
T=189056, R=0, W=0
T=179747, R=0, W=0
T=175235, R=0, W=0
T=91182, R=0, W=0

TOTAL: T=5621856, R=0, W=0
--- 8310 MB collected in 1.445 secs (4.6% of total), longest GC took 0.182 secs
DATA gc:  total_k 8510097  total_secs 1.44517  max_secs 0.182004
