startup =       4000
elapsed =       10000
threads =       4
accounts =      4
init =          1000000
maxAmount =     10
readFreq =      0
writeFreq =     0
readThreads =   0
writeThreads =  0
disjointTrans = false
yieldALot =     false
flavour =       d

warming up
timed execution

TOTAL=4000000.0 [ 997164.0 1018947.0 996272.0 987617.0 ]

10002 actual elapsed

T=1531927, R=0, W=0
T=1130064, R=0, W=0
T=1517500, R=0, W=0
T=1462923, R=0, W=0

TOTAL: T=5642414, R=0, W=0
--- 6,722 MB collected in 0.037 secs (0.3% of total), longest GC took 0.002 secs
DATA gc:  total_k 6883406  total_secs 0.036948  max_secs 0.002127
