startup =       20000
elapsed =       10000
threads =       4
accounts =      4
init =          1000000
maxAmount =     10
readFreq =      0
writeFreq =     0
readThreads =   0
writeThreads =  0
disjointTrans = false
yieldALot =     false
flavour =       rfw

warming up
timed execution

TOTAL=4000000.0 [ 995541.0 987915.0 1007549.0 1008995.0 ]

10129 actual elapsed

T=335164, R=0, W=0
T=333910, R=0, W=0
T=331928, R=0, W=0
T=331211, R=0, W=0

TOTAL: T=1332213, R=0, W=0
--- 1887 MB collected in 0.437 secs (1.4% of total), longest GC took 0.134 secs
DATA gc:  total_k 1932845  total_secs 0.436648  max_secs 0.133771
