startup =       4000
elapsed =       10000
threads =       4
accounts =      4
init =          1000000
maxAmount =     10
readFreq =      0
writeFreq =     0
readThreads =   0
writeThreads =  0
disjointTrans = false
yieldALot =     false
flavour =       d

warming up
timed execution

TOTAL=4000000.0 [ 989400.0 996233.0 1009327.0 1005040.0 ]

10001 actual elapsed

T=1592206, R=0, W=0
T=1232564, R=0, W=0
T=1465000, R=0, W=0
T=1480650, R=0, W=0

TOTAL: T=5770420, R=0, W=0
--- 6,851 MB collected in 0.031 secs (0.2% of total), longest GC took 0.002 secs
DATA gc:  total_k 7016407  total_secs 0.031391  max_secs 0.002201
