startup =       4000
elapsed =       10000
threads =       4
accounts =      128
init =          1000000
maxAmount =     10
readFreq =      0
writeFreq =     0
readThreads =   0
writeThreads =  0
disjointTrans = false
yieldALot =     false
flavour =       t

warming up
timed execution

TOTAL=1.28000048E8 [ 998589.0 1003423.0 1000130.0 999587.0 990240.0 998397.0 997636.0 989082.0 988956.0 987890.0 998489.0 997806.0 1000788.0 999590.0 996438.0 997069.0 989900.0 1002204.0 1002230.0 994085.0 994299.0 1004538.0 1000833.0 1003095.0 990112.0 1000558.0 1003475.0 995719.0 992853.0 1003043.0 986746.0 990393.0 988874.0 1012640.0 1004870.0 1008530.0 1008794.0 995699.0 1009015.0 1003770.0 995854.0 1003524.0 996949.0 999981.0 998359.0 1010840.0 1005388.0 1006801.0 992010.0 995609.0 1013832.0 1002042.0 992227.0 1001447.0 1010898.0 999467.0 998342.0 1003259.0 999275.0 1005667.0 995777.0 1001215.0 1000231.0 992473.0 1003229.0 999166.0 1004775.0 1018218.0 1009849.0 1004000.0 1004847.0 981943.0 994245.0 1009044.0 1008495.0 1000012.0 977498.0 1006948.0 995655.0 1005098.0 994141.0 995961.0 998318.0 1003100.0 984824.0 997026.0 1002225.0 989556.0 1003470.0 993745.0 1010697.0 989470.0 999413.0 1003837.0 990854.0 993401.0 997468.0 1006067.0 1009327.0 1006271.0 1006354.0 1018043.0 994146.0 996981.0 995583.0 1005107.0 1011773.0 1009143.0 992725.0 1000702.0 988486.0 994814.0 999320.0 1000117.0 1001193.0 1006001.0 1008870.0 1005179.0 998343.0 1003006.0 1011324.0 1005333.0 998283.0 998862.0 1008364.0 989258.0 995192.0 1013453.0 ]

10002 actual elapsed

T=8181845, R=0, W=0
T=6919087, R=0, W=0
T=8748429, R=0, W=0
T=6660440, R=0, W=0

TOTAL: T=30509801, R=0, W=0
--- 24,748 MB collected in 0.035 secs (0.2% of total), longest GC took 0.002 secs
DATA gc:  total_k 25342806  total_secs 0.035113  max_secs 0.002035
