startup =       4000
elapsed =       10000
threads =       8
accounts =      8
init =          1000000
maxAmount =     10
readFreq =      0
writeFreq =     0
readThreads =   0
writeThreads =  0
disjointTrans = false
yieldALot =     false
flavour =       t

warming up
timed execution

TOTAL=8000000.0 [ 1003385.0 993848.0 991145.0 995737.0 1037886.0 997101.0 988730.0 992168.0 ]

10002 actual elapsed

T=1082638, R=0, W=0
T=1003162, R=0, W=0
T=1104045, R=0, W=0
T=990472, R=0, W=0
T=931573, R=0, W=0
T=894742, R=0, W=0
T=1096690, R=0, W=0
T=1092300, R=0, W=0

TOTAL: T=8195622, R=0, W=0
--- 13,152 MB collected in 0.077 secs (0.6% of total), longest GC took 0.003 secs
DATA gc:  total_k 13468201  total_secs 0.077423  max_secs 0.003035
