startup =       4000
elapsed =       10000
threads =       8
accounts =      8
init =          1000000
maxAmount =     10
readFreq =      0
writeFreq =     0
readThreads =   0
writeThreads =  0
disjointTrans = false
yieldALot =     false
flavour =       rfw

warming up
timed execution

TOTAL=8000000.0 [ 987801.0 994694.0 975998.0 1008621.0 1023261.0 989874.0 999392.0 1020359.0 ]

10001 actual elapsed

T=1062156, R=0, W=0
T=1158620, R=0, W=0
T=1126761, R=0, W=0
T=1102183, R=0, W=0
T=1146822, R=0, W=0
T=1116352, R=0, W=0
T=1158023, R=0, W=0
T=974632, R=0, W=0

TOTAL: T=8845549, R=0, W=0
--- 12,807 MB collected in 0.057 secs (0.4% of total), longest GC took 0.002 secs
DATA gc:  total_k 13114765  total_secs 0.057183  max_secs 0.002492
