startup =       20000
elapsed =       10000
threads =       32
accounts =      32
init =          1000000
maxAmount =     10
readFreq =      0
writeFreq =     0
readThreads =   0
writeThreads =  0
disjointTrans = false
yieldALot =     false
flavour =       rfw

warming up
timed execution

TOTAL=3.1999996E7 [ 999268.0 985059.0 1000415.0 987667.0 1005585.0 994850.0 1009269.0 1003510.0 997537.0 1007627.0 994705.0 1003830.0 999774.0 1000567.0 1014804.0 1012832.0 992611.0 1002917.0 995581.0 998427.0 994873.0 986953.0 999096.0 1011370.0 1009298.0 994837.0 997193.0 1005788.0 1003492.0 992133.0 997954.0 1000178.0 ]

10144 actual elapsed

T=185767, R=0, W=0
T=181994, R=0, W=0
T=189167, R=0, W=0
T=196639, R=0, W=0
T=181970, R=0, W=0
T=188154, R=0, W=0
T=183596, R=0, W=0
T=193581, R=0, W=0
T=178249, R=0, W=0
T=188993, R=0, W=0
T=188584, R=0, W=0
T=196112, R=0, W=0
T=173069, R=0, W=0
T=190080, R=0, W=0
T=186957, R=0, W=0
T=197110, R=0, W=0
T=152388, R=0, W=0
T=164726, R=0, W=0
T=183536, R=0, W=0
T=196420, R=0, W=0
T=184129, R=0, W=0
T=191949, R=0, W=0
T=184679, R=0, W=0
T=194184, R=0, W=0
T=180244, R=0, W=0
T=186995, R=0, W=0
T=186598, R=0, W=0
T=195342, R=0, W=0
T=182233, R=0, W=0
T=187393, R=0, W=0
T=186759, R=0, W=0
T=194424, R=0, W=0

TOTAL: T=5952021, R=0, W=0
--- 10013 MB collected in 1.440 secs (4.5% of total), longest GC took 0.164 secs
DATA gc:  total_k 10253835  total_secs 1.43996  max_secs 0.164346
