startup =       4000
elapsed =       10000
threads =       8
accounts =      8
init =          1000000
maxAmount =     10
readFreq =      0
writeFreq =     0
readThreads =   0
writeThreads =  0
disjointTrans = false
yieldALot =     false
flavour =       d

warming up
timed execution

TOTAL=8000000.0 [ 990571.0 1019066.0 979958.0 985640.0 1025052.0 994281.0 999614.0 1005818.0 ]

10002 actual elapsed

T=1053015, R=0, W=0
T=1210390, R=0, W=0
T=1047460, R=0, W=0
T=1004491, R=0, W=0
T=1099465, R=0, W=0
T=1035494, R=0, W=0
T=1013245, R=0, W=0
T=1064288, R=0, W=0

TOTAL: T=8527848, R=0, W=0
--- 11,572 MB collected in 0.045 secs (0.3% of total), longest GC took 0.003 secs
DATA gc:  total_k 11850189  total_secs 0.044858  max_secs 0.003047
