startup =       4000
elapsed =       10000
threads =       4
accounts =      128
init =          1000000
maxAmount =     10
readFreq =      0
writeFreq =     0
readThreads =   0
writeThreads =  0
disjointTrans = false
yieldALot =     false
flavour =       d

warming up
timed execution

TOTAL=1.27999984E8 [ 980207.0 1010594.0 988587.0 991458.0 1002119.0 996568.0 993926.0 1013350.0 987694.0 1006866.0 1008239.0 1013595.0 990426.0 1004368.0 994543.0 1004443.0 1003864.0 985854.0 1000007.0 1003576.0 1009506.0 1007181.0 991447.0 1005994.0 1012245.0 990081.0 999568.0 996151.0 1006488.0 1002841.0 992522.0 1010809.0 1015848.0 981932.0 994823.0 993000.0 1015763.0 1010012.0 1003101.0 1004322.0 1010522.0 1010604.0 991225.0 1004748.0 1000591.0 1009111.0 993541.0 998325.0 997641.0 1005349.0 999716.0 1008255.0 980614.0 1013381.0 1003736.0 986856.0 977876.0 1008064.0 990121.0 1002667.0 996374.0 1001001.0 987067.0 996055.0 1003821.0 1013280.0 993300.0 999580.0 992558.0 979943.0 1025156.0 1001921.0 987774.0 983185.0 995821.0 997416.0 998143.0 1011720.0 996135.0 996711.0 1001159.0 1007998.0 1008209.0 989141.0 1012207.0 1005567.0 1020776.0 992822.0 979101.0 1004781.0 999154.0 999868.0 999764.0 996203.0 999859.0 994282.0 991907.0 1002254.0 993684.0 990345.0 995973.0 1007862.0 1027085.0 995264.0 1005147.0 995278.0 1000772.0 998575.0 987905.0 992482.0 1000482.0 1003666.0 1008798.0 998217.0 1012030.0 1001244.0 996867.0 1008698.0 1003214.0 1013897.0 1005939.0 992855.0 998161.0 998905.0 985417.0 1003784.0 997739.0 1000841.0 ]

10002 actual elapsed

T=6912710, R=0, W=0
T=6528935, R=0, W=0
T=6933950, R=0, W=0
T=6655262, R=0, W=0

TOTAL: T=27030857, R=0, W=0
--- 17,580 MB collected in 0.036 secs (0.3% of total), longest GC took 0.002 secs
DATA gc:  total_k 18002838  total_secs 0.035544  max_secs 0.002445
