startup =       20000
elapsed =       10000
threads =       16
accounts =      16
init =          1000000
maxAmount =     10
readFreq =      0
writeFreq =     0
readThreads =   0
writeThreads =  0
disjointTrans = false
yieldALot =     false
flavour =       rfw

warming up
timed execution

TOTAL=1.6E7 [ 991144.0 1005509.0 1005087.0 994109.0 1004957.0 994516.0 987425.0 999423.0 997354.0 1011558.0 1006317.0 1001058.0 1001213.0 1007229.0 1007368.0 985733.0 ]

10013 actual elapsed

T=225959, R=0, W=0
T=209782, R=0, W=0
T=216318, R=0, W=0
T=223712, R=0, W=0
T=225895, R=0, W=0
T=213760, R=0, W=0
T=215406, R=0, W=0
T=219880, R=0, W=0
T=218991, R=0, W=0
T=220423, R=0, W=0
T=219573, R=0, W=0
T=222959, R=0, W=0
T=213150, R=0, W=0
T=213913, R=0, W=0
T=216066, R=0, W=0
T=221475, R=0, W=0

TOTAL: T=3497262, R=0, W=0
--- 6295 MB collected in 0.946 secs (3.0% of total), longest GC took 0.183 secs
DATA gc:  total_k 6446998  total_secs 0.946424  max_secs 0.183174
