startup =       4000
elapsed =       10000
threads =       16
accounts =      16
init =          1000000
maxAmount =     10
readFreq =      0
writeFreq =     0
readThreads =   0
writeThreads =  0
disjointTrans = false
yieldALot =     false

warming up
timed execution

TOTAL=1.6E7 [ 975778.0 1062953.0 1000700.0 981676.0 965454.0 985540.0 1028638.0 978768.0 957799.0 1042755.0 977962.0 1009291.0 996732.0 1026997.0 1031968.0 976989.0 ]

10001 actual elapsed

T=738614, R=0, W=0
T=818963, R=0, W=0
T=688477, R=0, W=0
T=933066, R=0, W=0
T=888535, R=0, W=0
T=520725, R=0, W=0
T=867280, R=0, W=0
T=1044868, R=0, W=0
T=840876, R=0, W=0
T=675634, R=0, W=0
T=809883, R=0, W=0
T=782949, R=0, W=0
T=790262, R=0, W=0
T=820609, R=0, W=0
T=930780, R=0, W=0
T=860568, R=0, W=0

TOTAL: T=13012089, R=0, W=0
--- 17,730 MB collected in 0.079 secs (0.6% of total), longest GC took 0.003 secs
DATA gc:  total_k 18156317  total_secs 0.078549  max_secs 0.003149
