startup =       4000
elapsed =       10000
threads =       8
accounts =      64
init =          1000000
maxAmount =     10
readFreq =      0
writeFreq =     0
readThreads =   0
writeThreads =  0
disjointTrans = false
yieldALot =     false

warming up
timed execution

TOTAL=6.4E7 [ 978203.0 1025952.0 1019603.0 983203.0 1005677.0 1018268.0 1015455.0 994516.0 1006698.0 1008990.0 1025071.0 1015183.0 983417.0 989116.0 1050561.0 994512.0 1000502.0 1003022.0 1004490.0 1006210.0 1014359.0 980128.0 976762.0 979496.0 1005093.0 1017844.0 983501.0 983818.0 996861.0 1010104.0 1020713.0 1003294.0 1018814.0 1002745.0 994007.0 978579.0 1008903.0 1006084.0 1013340.0 995055.0 1004005.0 994429.0 969115.0 1011949.0 999720.0 971590.0 990944.0 988676.0 990247.0 1005996.0 990619.0 996928.0 997629.0 993247.0 1007018.0 990290.0 985682.0 986250.0 991818.0 1010694.0 999825.0 1011155.0 1005579.0 988446.0 ]

10002 actual elapsed

T=4509122, R=0, W=0
T=3931155, R=0, W=0
T=4522349, R=0, W=0
T=4153816, R=0, W=0
T=4039797, R=0, W=0
T=4339346, R=0, W=0
T=4163605, R=0, W=0
T=4113275, R=0, W=0

TOTAL: T=33772465, R=0, W=0
--- 23,448 MB collected in 0.050 secs (0.4% of total), longest GC took 0.003 secs
DATA gc:  total_k 24011397  total_secs 0.050469  max_secs 0.002863
