startup =       4000
elapsed =       10000
threads =       2
accounts =      16
init =          1000000
maxAmount =     10
readFreq =      0
writeFreq =     0
readThreads =   0
writeThreads =  0
disjointTrans = false
yieldALot =     false

warming up
timed execution

TOTAL=1.6E7 [ 1004178.0 973318.0 1013726.0 1013851.0 975192.0 992431.0 994986.0 994489.0 992818.0 1007130.0 1002317.0 1016013.0 1001865.0 989594.0 1028816.0 999276.0 ]

10002 actual elapsed

T=6200286, R=0, W=0
T=6603361, R=0, W=0

TOTAL: T=12803647, R=0, W=0
--- 8,591 MB collected in 0.050 secs (0.4% of total), longest GC took 0.003 secs
DATA gc:  total_k 8797558  total_secs 0.049542  max_secs 0.00255
