startup =       4000
elapsed =       10000
threads =       8
accounts =      8
init =          1000000
maxAmount =     10
readFreq =      0
writeFreq =     0
readThreads =   0
writeThreads =  0
disjointTrans = false
yieldALot =     false
flavour =       t

warming up
timed execution

TOTAL=8000000.0 [ 999293.0 1015874.0 1026896.0 988540.0 941028.0 1025299.0 990033.0 1013037.0 ]

10001 actual elapsed

T=1031794, R=0, W=0
T=1137581, R=0, W=0
T=945829, R=0, W=0
T=1015866, R=0, W=0
T=986579, R=0, W=0
T=861409, R=0, W=0
T=1105376, R=0, W=0
T=1046136, R=0, W=0

TOTAL: T=8130570, R=0, W=0
--- 13,262 MB collected in 0.049 secs (0.3% of total), longest GC took 0.003 secs
DATA gc:  total_k 13580429  total_secs 0.048904  max_secs 0.002771
