startup =       20000
elapsed =       10000
threads =       4
accounts =      4
init =          1000000
maxAmount =     10
readFreq =      0
writeFreq =     0
readThreads =   0
writeThreads =  0
disjointTrans = false
yieldALot =     false
flavour =       d

warming up
timed execution

TOTAL=4000000.0 [ 997973.0 999650.0 988611.0 1013766.0 ]

10002 actual elapsed

T=1367397, R=0, W=0
T=1544191, R=0, W=0
T=1425263, R=0, W=0
T=1507347, R=0, W=0

TOTAL: T=5844198, R=0, W=0
--- 14,542 MB collected in 0.091 secs (0.3% of total), longest GC took 0.003 secs
DATA gc:  total_k 14891951  total_secs 0.091389  max_secs 0.002524
