startup =       20000
elapsed =       10000
threads =       16
accounts =      16
init =          1000000
maxAmount =     10
readFreq =      0
writeFreq =     0
readThreads =   0
writeThreads =  0
disjointTrans = false
yieldALot =     false
flavour =       t

warming up
timed execution

TOTAL=1.6E7 [ 1002097.0 986949.0 1000981.0 992038.0 997655.0 980934.0 988786.0 996586.0 1010434.0 1008232.0 992059.0 1016176.0 1022162.0 998788.0 993462.0 1012661.0 ]

10001 actual elapsed

T=782465, R=0, W=0
T=750408, R=0, W=0
T=874763, R=0, W=0
T=892119, R=0, W=0
T=811505, R=0, W=0
T=875040, R=0, W=0
T=909606, R=0, W=0
T=836865, R=0, W=0
T=901344, R=0, W=0
T=848839, R=0, W=0
T=1113550, R=0, W=0
T=872902, R=0, W=0
T=909153, R=0, W=0
T=745280, R=0, W=0
T=904689, R=0, W=0
T=736043, R=0, W=0

TOTAL: T=13764571, R=0, W=0
--- 47,301 MB collected in 0.263 secs (0.9% of total), longest GC took 0.004 secs
DATA gc:  total_k 48436625  total_secs 0.26294  max_secs 0.003633
