startup =       20000
elapsed =       10000
threads =       8
accounts =      8
init =          1000000
maxAmount =     10
readFreq =      0
writeFreq =     0
readThreads =   0
writeThreads =  0
disjointTrans = false
yieldALot =     false
flavour =       d

warming up
timed execution

TOTAL=8000000.0 [ 1007694.0 974050.0 1004464.0 998158.0 999145.0 993733.0 1002201.0 1020555.0 ]

10002 actual elapsed

T=1226025, R=0, W=0
T=1040509, R=0, W=0
T=1204147, R=0, W=0
T=1169706, R=0, W=0
T=1171486, R=0, W=0
T=1172166, R=0, W=0
T=1121974, R=0, W=0
T=1199095, R=0, W=0

TOTAL: T=9305108, R=0, W=0
--- 27,236 MB collected in 0.088 secs (0.3% of total), longest GC took 0.002 secs
DATA gc:  total_k 27889890  total_secs 0.088132  max_secs 0.002467
