startup =       4000
elapsed =       10000
threads =       4
accounts =      4
init =          1000000
maxAmount =     10
readFreq =      0
writeFreq =     0
readThreads =   0
writeThreads =  0
disjointTrans = false
yieldALot =     false
flavour =       rfw

warming up
timed execution

TOTAL=4000000.0 [ 1004313.0 1023456.0 971169.0 1001062.0 ]

10001 actual elapsed

T=1529783, R=0, W=0
T=1530066, R=0, W=0
T=1467837, R=0, W=0
T=1461915, R=0, W=0

TOTAL: T=5989601, R=0, W=0
--- 7,467 MB collected in 0.032 secs (0.2% of total), longest GC took 0.002 secs
DATA gc:  total_k 7646318  total_secs 0.032096  max_secs 0.002073
