startup =       20000
elapsed =       10000
threads =       4
accounts =      4
init =          1000000
maxAmount =     10
readFreq =      0
writeFreq =     0
readThreads =   0
writeThreads =  0
disjointTrans = false
yieldALot =     false
flavour =       t

warming up
timed execution

TOTAL=4000000.0 [ 1007015.0 995082.0 993648.0 1004255.0 ]

10001 actual elapsed

T=1883808, R=0, W=0
T=1913478, R=0, W=0
T=1757682, R=0, W=0
T=1761668, R=0, W=0

TOTAL: T=7316636, R=0, W=0
--- 20,622 MB collected in 0.080 secs (0.3% of total), longest GC took 0.002 secs
DATA gc:  total_k 21116935  total_secs 0.080438  max_secs 0.00226
