startup =       20000
elapsed =       10000
threads =       8
accounts =      8
init =          1000000
maxAmount =     10
readFreq =      0
writeFreq =     0
readThreads =   0
writeThreads =  0
disjointTrans = false
yieldALot =     false
flavour =       rfw

warming up
timed execution

TOTAL=8000000.0 [ 978198.0 1003870.0 988580.0 1006099.0 991775.0 1011858.0 1005592.0 1014028.0 ]

10001 actual elapsed

T=1259169, R=0, W=0
T=1255339, R=0, W=0
T=1247100, R=0, W=0
T=982001, R=0, W=0
T=905406, R=0, W=0
T=1084257, R=0, W=0
T=1115335, R=0, W=0
T=1205703, R=0, W=0

TOTAL: T=9054310, R=0, W=0
--- 28,399 MB collected in 0.154 secs (0.5% of total), longest GC took 0.004 secs
DATA gc:  total_k 29081486  total_secs 0.15447  max_secs 0.003702
