startup =       20000
elapsed =       10000
threads =       8
accounts =      8
init =          1000000
maxAmount =     10
readFreq =      0
writeFreq =     0
readThreads =   0
writeThreads =  0
disjointTrans = false
yieldALot =     false
flavour =       t

warming up
timed execution

TOTAL=8000000.0 [ 974762.0 989267.0 1009290.0 991975.0 1020783.0 1009048.0 974674.0 1030201.0 ]

10001 actual elapsed

T=1312426, R=0, W=0
T=1299733, R=0, W=0
T=1338378, R=0, W=0
T=1232795, R=0, W=0
T=1314176, R=0, W=0
T=1233337, R=0, W=0
T=1179136, R=0, W=0
T=1186673, R=0, W=0

TOTAL: T=10096654, R=0, W=0
--- 33,066 MB collected in 0.099 secs (0.3% of total), longest GC took 0.003 secs
DATA gc:  total_k 33860002  total_secs 0.099001  max_secs 0.002651
