startup =       4000
elapsed =       10000
threads =       8
accounts =      8
init =          1000000
maxAmount =     10
readFreq =      0
writeFreq =     0
readThreads =   0
writeThreads =  0
disjointTrans = false
yieldALot =     false
flavour =       t

warming up
timed execution

TOTAL=8000000.0 [ 1046935.0 1015593.0 1003856.0 1001688.0 982993.0 955076.0 950344.0 1043515.0 ]

10001 actual elapsed

T=1026219, R=0, W=0
T=1097545, R=0, W=0
T=1175913, R=0, W=0
T=1248646, R=0, W=0
T=1231268, R=0, W=0
T=1078042, R=0, W=0
T=998316, R=0, W=0
T=936401, R=0, W=0

TOTAL: T=8792350, R=0, W=0
--- 13,788 MB collected in 0.085 secs (0.6% of total), longest GC took 0.003 secs
DATA gc:  total_k 14119277  total_secs 0.085028  max_secs 0.003003
