startup =       4000
elapsed =       10000
threads =       8
accounts =      8
init =          1000000
maxAmount =     10
readFreq =      0
writeFreq =     0
readThreads =   0
writeThreads =  0
disjointTrans = false
yieldALot =     false
flavour =       t

warming up
timed execution

TOTAL=8000000.0 [ 1028073.0 985854.0 1000269.0 997205.0 991422.0 1008787.0 1004959.0 983431.0 ]

10001 actual elapsed

T=1310977, R=0, W=0
T=1297042, R=0, W=0
T=1166295, R=0, W=0
T=1260416, R=0, W=0
T=964904, R=0, W=0
T=1155180, R=0, W=0
T=1143311, R=0, W=0
T=1213970, R=0, W=0

TOTAL: T=9512095, R=0, W=0
--- 13,653 MB collected in 0.067 secs (0.5% of total), longest GC took 0.002 secs
DATA gc:  total_k 13981002  total_secs 0.066504  max_secs 0.001906
