startup =       20000
elapsed =       10000
threads =       4
accounts =      4
init =          1000000
maxAmount =     10
readFreq =      0
writeFreq =     0
readThreads =   0
writeThreads =  0
disjointTrans = false
yieldALot =     false
flavour =       rfw

warming up
timed execution

TOTAL=4000000.0 [ 1004992.0 994279.0 998004.0 1002725.0 ]

10001 actual elapsed

T=1783715, R=0, W=0
T=1701470, R=0, W=0
T=1854714, R=0, W=0
T=1567544, R=0, W=0

TOTAL: T=6907443, R=0, W=0
--- 18,320 MB collected in 0.110 secs (0.4% of total), longest GC took 0.003 secs
DATA gc:  total_k 18759943  total_secs 0.10965  max_secs 0.002939
