startup =       20000
elapsed =       10000
threads =       32
accounts =      32
init =          1000000
maxAmount =     10
readFreq =      0
writeFreq =     0
readThreads =   0
writeThreads =  0
disjointTrans = false
yieldALot =     false
flavour =       t

warming up
timed execution

TOTAL=3.2000002E7 [ 999472.0 984382.0 985147.0 982569.0 977722.0 1013285.0 1021532.0 998564.0 984773.0 985002.0 1014254.0 998918.0 992210.0 1001901.0 1006129.0 995141.0 991890.0 1000360.0 1003091.0 1016440.0 1020431.0 1018836.0 994569.0 1001595.0 1000426.0 997444.0 1006142.0 1004539.0 997389.0 1013454.0 995887.0 996506.0 ]

10001 actual elapsed

T=797042, R=0, W=0
T=777799, R=0, W=0
T=813450, R=0, W=0
T=812344, R=0, W=0
T=753634, R=0, W=0
T=761210, R=0, W=0
T=806047, R=0, W=0
T=827145, R=0, W=0
T=760071, R=0, W=0
T=747632, R=0, W=0
T=747963, R=0, W=0
T=776922, R=0, W=0
T=745100, R=0, W=0
T=753487, R=0, W=0
T=737621, R=0, W=0
T=803885, R=0, W=0
T=790185, R=0, W=0
T=751087, R=0, W=0
T=787969, R=0, W=0
T=745338, R=0, W=0
T=769111, R=0, W=0
T=797738, R=0, W=0
T=799556, R=0, W=0
T=794266, R=0, W=0
T=718805, R=0, W=0
T=802899, R=0, W=0
T=783283, R=0, W=0
T=759431, R=0, W=0
T=737567, R=0, W=0
T=781907, R=0, W=0
T=729736, R=0, W=0
T=706556, R=0, W=0

TOTAL: T=24676786, R=0, W=0
--- 60,150 MB collected in 0.283 secs (0.9% of total), longest GC took 0.005 secs
DATA gc:  total_k 61593767  total_secs 0.283393  max_secs 0.00467
