startup =       4000
elapsed =       10000
threads =       4
accounts =      4
init =          1000000
maxAmount =     10
readFreq =      0
writeFreq =     0
readThreads =   0
writeThreads =  0
disjointTrans = false
yieldALot =     false
flavour =       d

warming up
timed execution

TOTAL=4000000.0 [ 1028679.0 983837.0 969477.0 1018007.0 ]

10002 actual elapsed

T=1517059, R=0, W=0
T=1284462, R=0, W=0
T=1266066, R=0, W=0
T=1448234, R=0, W=0

TOTAL: T=5515821, R=0, W=0
--- 6,475 MB collected in 0.048 secs (0.3% of total), longest GC took 0.003 secs
DATA gc:  total_k 6631022  total_secs 0.047623  max_secs 0.002717
