startup =       4000
elapsed =       10000
threads =       8
accounts =      8
init =          1000000
maxAmount =     10
readFreq =      0
writeFreq =     0
readThreads =   0
writeThreads =  0
disjointTrans = false
yieldALot =     false
flavour =       rfw

warming up
timed execution

TOTAL=8000000.0 [ 1004267.0 1011216.0 974195.0 1027815.0 985427.0 1016777.0 955517.0 1024786.0 ]

10002 actual elapsed

T=1146976, R=0, W=0
T=1186478, R=0, W=0
T=1093340, R=0, W=0
T=1115340, R=0, W=0
T=978100, R=0, W=0
T=1174580, R=0, W=0
T=1012491, R=0, W=0
T=1103242, R=0, W=0

TOTAL: T=8810547, R=0, W=0
--- 12,622 MB collected in 0.040 secs (0.3% of total), longest GC took 0.002 secs
DATA gc:  total_k 12925133  total_secs 0.04049  max_secs 0.002301
