startup =       4000
elapsed =       10000
threads =       4
accounts =      4
init =          1000000
maxAmount =     10
readFreq =      0
writeFreq =     0
readThreads =   0
writeThreads =  0
disjointTrans = false
yieldALot =     false
flavour =       rfw

warming up
timed execution

TOTAL=4000000.0 [ 984205.0 1002691.0 997668.0 1015436.0 ]

10002 actual elapsed

T=1758083, R=0, W=0
T=1681839, R=0, W=0
T=1511355, R=0, W=0
T=1640718, R=0, W=0

TOTAL: T=6591995, R=0, W=0
--- 7,930 MB collected in 0.050 secs (0.4% of total), longest GC took 0.003 secs
DATA gc:  total_k 8121134  total_secs 0.049554  max_secs 0.002989
