startup =       4000
elapsed =       10000
threads =       8
accounts =      8
init =          1000000
maxAmount =     10
readFreq =      0
writeFreq =     0
readThreads =   0
writeThreads =  0
disjointTrans = false
yieldALot =     false
flavour =       d

warming up
timed execution

TOTAL=8000000.0 [ 981985.0 1020487.0 1007821.0 986694.0 972086.0 1001883.0 1005421.0 1023623.0 ]

10001 actual elapsed

T=914189, R=0, W=0
T=909033, R=0, W=0
T=1115090, R=0, W=0
T=1097744, R=0, W=0
T=1096520, R=0, W=0
T=1170742, R=0, W=0
T=1073708, R=0, W=0
T=1049683, R=0, W=0

TOTAL: T=8426709, R=0, W=0
--- 11,572 MB collected in 0.056 secs (0.4% of total), longest GC took 0.003 secs
DATA gc:  total_k 11850189  total_secs 0.056161  max_secs 0.002993
