startup =       4000
elapsed =       10000
threads =       4
accounts =      4
init =          1000000
maxAmount =     10
readFreq =      0
writeFreq =     0
readThreads =   0
writeThreads =  0
disjointTrans = false
yieldALot =     false
flavour =       rfw

warming up
timed execution

TOTAL=4000000.0 [ 986802.0 998315.0 1008029.0 1006854.0 ]

10001 actual elapsed

T=1326201, R=0, W=0
T=1472136, R=0, W=0
T=1702271, R=0, W=0
T=1834356, R=0, W=0

TOTAL: T=6334964, R=0, W=0
--- 7,720 MB collected in 0.033 secs (0.2% of total), longest GC took 0.002 secs
DATA gc:  total_k 7905431  total_secs 0.033202  max_secs 0.002174
