startup =       20000
elapsed =       10000
threads =       32
accounts =      32
init =          1000000
maxAmount =     10
readFreq =      0
writeFreq =     0
readThreads =   0
writeThreads =  0
disjointTrans = false
yieldALot =     false
flavour =       rfw

warming up
timed execution

TOTAL=3.1999998E7 [ 1021536.0 1003804.0 1012344.0 996754.0 994101.0 1011809.0 999642.0 1005733.0 980054.0 984472.0 986639.0 1005852.0 987761.0 997038.0 1008631.0 999302.0 1029864.0 1022729.0 962200.0 994557.0 1001120.0 985205.0 1018626.0 993069.0 989662.0 990484.0 1003978.0 1001800.0 995369.0 1002754.0 1009665.0 1003446.0 ]

10002 actual elapsed

T=798346, R=0, W=0
T=734754, R=0, W=0
T=822705, R=0, W=0
T=854187, R=0, W=0
T=780918, R=0, W=0
T=751489, R=0, W=0
T=825639, R=0, W=0
T=776172, R=0, W=0
T=730870, R=0, W=0
T=813574, R=0, W=0
T=807310, R=0, W=0
T=744486, R=0, W=0
T=742412, R=0, W=0
T=786775, R=0, W=0
T=761662, R=0, W=0
T=801640, R=0, W=0
T=782251, R=0, W=0
T=820032, R=0, W=0
T=749193, R=0, W=0
T=821873, R=0, W=0
T=790948, R=0, W=0
T=758752, R=0, W=0
T=831009, R=0, W=0
T=855245, R=0, W=0
T=819147, R=0, W=0
T=855586, R=0, W=0
T=767806, R=0, W=0
T=787350, R=0, W=0
T=693743, R=0, W=0
T=800955, R=0, W=0
T=716064, R=0, W=0
T=784768, R=0, W=0

TOTAL: T=25167661, R=0, W=0
--- 57,601 MB collected in 0.251 secs (0.8% of total), longest GC took 0.005 secs
DATA gc:  total_k 58984203  total_secs 0.250655  max_secs 0.004736
