startup =       20000
elapsed =       10000
threads =       4
accounts =      4
init =          1000000
maxAmount =     10
readFreq =      0
writeFreq =     0
readThreads =   0
writeThreads =  0
disjointTrans = false
yieldALot =     false
flavour =       rfw

warming up
timed execution

TOTAL=4000000.0 [ 1009790.0 981067.0 1016656.0 992487.0 ]

10001 actual elapsed

T=1659599, R=0, W=0
T=1619454, R=0, W=0
T=1700061, R=0, W=0
T=1622105, R=0, W=0

TOTAL: T=6601219, R=0, W=0
--- 17,892 MB collected in 0.118 secs (0.4% of total), longest GC took 0.003 secs
DATA gc:  total_k 18322063  total_secs 0.117634  max_secs 0.002853
