startup =       20000
elapsed =       10000
threads =       8
accounts =      8
init =          1000000
maxAmount =     10
readFreq =      0
writeFreq =     0
readThreads =   0
writeThreads =  0
disjointTrans = false
yieldALot =     false
flavour =       t

warming up
timed execution

TOTAL=8000000.0 [ 989599.0 974231.0 1010131.0 1014580.0 1022250.0 994212.0 989281.0 1005716.0 ]

10001 actual elapsed

T=1298901, R=0, W=0
T=1231053, R=0, W=0
T=1238931, R=0, W=0
T=1264514, R=0, W=0
T=1273430, R=0, W=0
T=1325388, R=0, W=0
T=1308523, R=0, W=0
T=1328919, R=0, W=0

TOTAL: T=10269659, R=0, W=0
--- 33,012 MB collected in 0.194 secs (0.6% of total), longest GC took 0.003 secs
DATA gc:  total_k 33805218  total_secs 0.194197  max_secs 0.003277
