startup =       20000
elapsed =       10000
threads =       4
accounts =      4
init =          1000000
maxAmount =     10
readFreq =      0
writeFreq =     0
readThreads =   0
writeThreads =  0
disjointTrans = false
yieldALot =     false
flavour =       d

warming up
timed execution

TOTAL=4000000.0 [ 1000965.0 974520.0 1027555.0 996960.0 ]

10001 actual elapsed

T=1422342, R=0, W=0
T=1613389, R=0, W=0
T=1564835, R=0, W=0
T=1596276, R=0, W=0

TOTAL: T=6196842, R=0, W=0
--- 15,659 MB collected in 0.098 secs (0.3% of total), longest GC took 0.002 secs
DATA gc:  total_k 16035335  total_secs 0.097717  max_secs 0.002407
