startup =       20000
elapsed =       10000
threads =       4
accounts =      4
init =          1000000
maxAmount =     10
readFreq =      0
writeFreq =     0
readThreads =   0
writeThreads =  0
disjointTrans = false
yieldALot =     false
flavour =       t

warming up
timed execution

TOTAL=4000000.0 [ 1019262.0 989920.0 979913.0 1010905.0 ]

10005 actual elapsed

T=1778541, R=0, W=0
T=1713662, R=0, W=0
T=1710811, R=0, W=0
T=1678703, R=0, W=0

TOTAL: T=6881717, R=0, W=0
--- 19,916 MB collected in 0.172 secs (0.6% of total), longest GC took 0.008 secs
DATA gc:  total_k 20394703  total_secs 0.171713  max_secs 0.007815
