startup =       20000
elapsed =       10000
threads =       8
accounts =      8
init =          1000000
maxAmount =     10
readFreq =      0
writeFreq =     0
readThreads =   0
writeThreads =  0
disjointTrans = false
yieldALot =     false
flavour =       d

warming up
timed execution

TOTAL=8000000.0 [ 999712.0 1008590.0 996626.0 973144.0 1022828.0 999809.0 1011578.0 987713.0 ]

10002 actual elapsed

T=1184536, R=0, W=0
T=1140316, R=0, W=0
T=1128268, R=0, W=0
T=1236723, R=0, W=0
T=1170479, R=0, W=0
T=1132100, R=0, W=0
T=1179575, R=0, W=0
T=1220700, R=0, W=0

TOTAL: T=9392697, R=0, W=0
--- 27,071 MB collected in 0.117 secs (0.4% of total), longest GC took 0.003 secs
DATA gc:  total_k 27720802  total_secs 0.117342  max_secs 0.002623
