startup =       20000
elapsed =       10000
threads =       8
accounts =      8
init =          1000000
maxAmount =     10
readFreq =      0
writeFreq =     0
readThreads =   0
writeThreads =  0
disjointTrans = false
yieldALot =     false
flavour =       rfw

warming up
timed execution

TOTAL=8000000.0 [ 1023695.0 1005820.0 991251.0 972824.0 1020551.0 990467.0 984155.0 1011237.0 ]

10002 actual elapsed

T=1273924, R=0, W=0
T=1238600, R=0, W=0
T=1193773, R=0, W=0
T=1198354, R=0, W=0
T=1196851, R=0, W=0
T=1153814, R=0, W=0
T=1179789, R=0, W=0
T=1152316, R=0, W=0

TOTAL: T=9587421, R=0, W=0
--- 28,507 MB collected in 0.115 secs (0.4% of total), longest GC took 0.003 secs
DATA gc:  total_k 29191970  total_secs 0.114848  max_secs 0.003378
