startup =       4000
elapsed =       10000
threads =       32
accounts =      32
init =          1000000
maxAmount =     10
readFreq =      0
writeFreq =     0
readThreads =   0
writeThreads =  0
disjointTrans = false
yieldALot =     false
flavour =       t

warming up
timed execution

TOTAL=3.2E7 [ 1010091.0 994011.0 1010966.0 991623.0 1015248.0 982854.0 1002379.0 1004557.0 1005059.0 986724.0 994846.0 993905.0 994122.0 993933.0 1001921.0 998779.0 1002036.0 997421.0 1009062.0 998743.0 994808.0 999705.0 982861.0 1008032.0 1006328.0 990218.0 1003957.0 997611.0 1003544.0 1012846.0 1013065.0 998745.0 ]

10038 actual elapsed

T=938240, R=0, W=0
T=897601, R=0, W=0
T=934775, R=0, W=0
T=776840, R=0, W=0
T=910521, R=0, W=0
T=951318, R=0, W=0
T=932819, R=0, W=0
T=840775, R=0, W=0
T=822127, R=0, W=0
T=805601, R=0, W=0
T=939514, R=0, W=0
T=911661, R=0, W=0
T=830990, R=0, W=0
T=812836, R=0, W=0
T=809071, R=0, W=0
T=914711, R=0, W=0
T=809410, R=0, W=0
T=941954, R=0, W=0
T=980332, R=0, W=0
T=788295, R=0, W=0
T=913730, R=0, W=0
T=941578, R=0, W=0
T=544143, R=0, W=0
T=803777, R=0, W=0
T=840579, R=0, W=0
T=869897, R=0, W=0
T=852989, R=0, W=0
T=958189, R=0, W=0
T=933791, R=0, W=0
T=826044, R=0, W=0
T=928505, R=0, W=0
T=805924, R=0, W=0

TOTAL: T=27768537, R=0, W=0
--- 30,274 MB collected in 0.086 secs (0.6% of total), longest GC took 0.004 secs
DATA gc:  total_k 31001031  total_secs 0.085624  max_secs 0.003853
