startup =       4000
elapsed =       10000
threads =       8
accounts =      8
init =          1000000
maxAmount =     10
readFreq =      0
writeFreq =     0
readThreads =   0
writeThreads =  0
disjointTrans = false
yieldALot =     false
flavour =       d

warming up
timed execution

TOTAL=8000000.0 [ 1004573.0 996139.0 1002339.0 1006096.0 999809.0 992014.0 1021877.0 977153.0 ]

10001 actual elapsed

T=1157617, R=0, W=0
T=1151649, R=0, W=0
T=1254109, R=0, W=0
T=1029598, R=0, W=0
T=1124004, R=0, W=0
T=1114090, R=0, W=0
T=1172028, R=0, W=0
T=1122499, R=0, W=0

TOTAL: T=9125594, R=0, W=0
--- 12,240 MB collected in 0.048 secs (0.3% of total), longest GC took 0.003 secs
DATA gc:  total_k 12533930  total_secs 0.048037  max_secs 0.002871
