startup =       4000
elapsed =       10000
threads =       32
accounts =      32
init =          1000000
maxAmount =     10
readFreq =      0
writeFreq =     0
readThreads =   0
writeThreads =  0
disjointTrans = false
yieldALot =     false
flavour =       d

warming up
timed execution

TOTAL=3.2000004E7 [ 982454.0 999540.0 1007094.0 1000875.0 995435.0 1010738.0 1016152.0 1012811.0 994689.0 1006199.0 987768.0 991497.0 997369.0 995402.0 996920.0 1004791.0 997416.0 999592.0 996325.0 995231.0 1003678.0 1003492.0 1018706.0 990927.0 991201.0 993644.0 1010688.0 1004212.0 995042.0 996613.0 997174.0 1006325.0 ]

10013 actual elapsed

T=736040, R=0, W=0
T=797697, R=0, W=0
T=732714, R=0, W=0
T=857584, R=0, W=0
T=755551, R=0, W=0
T=801581, R=0, W=0
T=856098, R=0, W=0
T=844743, R=0, W=0
T=823881, R=0, W=0
T=730839, R=0, W=0
T=816833, R=0, W=0
T=769538, R=0, W=0
T=779396, R=0, W=0
T=793596, R=0, W=0
T=812251, R=0, W=0
T=802644, R=0, W=0
T=774981, R=0, W=0
T=801324, R=0, W=0
T=794953, R=0, W=0
T=847687, R=0, W=0
T=750281, R=0, W=0
T=851789, R=0, W=0
T=824909, R=0, W=0
T=847357, R=0, W=0
T=818682, R=0, W=0
T=779884, R=0, W=0
T=861851, R=0, W=0
T=787557, R=0, W=0
T=768415, R=0, W=0
T=787474, R=0, W=0
T=802627, R=0, W=0
T=795900, R=0, W=0

TOTAL: T=25606657, R=0, W=0
--- 23,520 MB collected in 0.091 secs (0.6% of total), longest GC took 0.004 secs
DATA gc:  total_k 24085295  total_secs 0.090507  max_secs 0.004456
