startup =       4000
elapsed =       10000
threads =       4
accounts =      4
init =          1000000
maxAmount =     10
readFreq =      0
writeFreq =     0
readThreads =   0
writeThreads =  0
disjointTrans = false
yieldALot =     false
flavour =       d

warming up
timed execution

TOTAL=4000000.0 [ 989946.0 1004930.0 1004891.0 1000233.0 ]

10001 actual elapsed

T=1533988, R=0, W=0
T=1462552, R=0, W=0
T=1306314, R=0, W=0
T=1513185, R=0, W=0

TOTAL: T=5816039, R=0, W=0
--- 6,975 MB collected in 0.042 secs (0.3% of total), longest GC took 0.003 secs
DATA gc:  total_k 7143063  total_secs 0.041539  max_secs 0.00258
