startup =       4000
elapsed =       10000
threads =       4
accounts =      4
init =          1000000
maxAmount =     10
readFreq =      0
writeFreq =     0
readThreads =   0
writeThreads =  0
disjointTrans = false
yieldALot =     false
flavour =       t

warming up
timed execution

TOTAL=4000000.0 [ 987577.0 1005011.0 998171.0 1009241.0 ]

10001 actual elapsed

T=1849043, R=0, W=0
T=1423441, R=0, W=0
T=1896476, R=0, W=0
T=1958905, R=0, W=0

TOTAL: T=7127865, R=0, W=0
--- 8,960 MB collected in 0.043 secs (0.3% of total), longest GC took 0.003 secs
DATA gc:  total_k 9175831  total_secs 0.043321  max_secs 0.002604
