startup =       4000
elapsed =       10000
threads =       4
accounts =      128
init =          1000000
maxAmount =     10
readFreq =      0
writeFreq =     0
readThreads =   0
writeThreads =  0
disjointTrans = false
yieldALot =     false
flavour =       d

warming up
timed execution

TOTAL=1.27999992E8 [ 998937.0 1005828.0 1012007.0 1009715.0 992564.0 1001791.0 986472.0 983454.0 993631.0 1021159.0 999985.0 991057.0 986173.0 998833.0 989998.0 1009626.0 990848.0 1004276.0 992679.0 1009494.0 997196.0 1006911.0 990375.0 995401.0 996871.0 995432.0 995640.0 1002439.0 1002973.0 999042.0 1002719.0 996133.0 1011558.0 997244.0 985453.0 1000182.0 1007839.0 1014908.0 1006349.0 1010948.0 1000655.0 1006185.0 988744.0 1003457.0 1015700.0 997623.0 1004793.0 994857.0 996543.0 1000168.0 999470.0 989999.0 1004448.0 1002725.0 1008330.0 998746.0 1004908.0 995295.0 1002455.0 984840.0 1011306.0 993540.0 1003906.0 987469.0 1017831.0 1016033.0 1002684.0 1008649.0 1004229.0 1007523.0 991762.0 991481.0 1006206.0 990518.0 995138.0 998997.0 994836.0 1012498.0 985104.0 994770.0 1003385.0 1011835.0 1004183.0 1004499.0 1006889.0 996721.0 1002228.0 998557.0 1002906.0 997705.0 999686.0 1009031.0 999577.0 1009502.0 1002988.0 997693.0 999914.0 987020.0 998198.0 998508.0 999705.0 989404.0 997468.0 990822.0 992337.0 1009502.0 997127.0 996334.0 1000353.0 994633.0 1000794.0 998189.0 1000060.0 1005899.0 990493.0 1002681.0 1004160.0 1018564.0 1001457.0 1005004.0 1003177.0 991279.0 1004441.0 989969.0 990686.0 994173.0 1004442.0 987261.0 ]

10002 actual elapsed

T=6218226, R=0, W=0
T=6857095, R=0, W=0
T=6320301, R=0, W=0
T=6826557, R=0, W=0

TOTAL: T=26222179, R=0, W=0
--- 17,580 MB collected in 0.035 secs (0.3% of total), longest GC took 0.002 secs
DATA gc:  total_k 18002838  total_secs 0.035403  max_secs 0.002456
