startup =       4000
elapsed =       10000
threads =       1
accounts =      2
init =          1000000
maxAmount =     10
readFreq =      0
writeFreq =     0
readThreads =   0
writeThreads =  0
disjointTrans = false
yieldALot =     false

warming up
timed execution

TOTAL=2000000.0 [ 1016807.0 983193.0 ]

10001 actual elapsed

T=18178277, R=0, W=0

TOTAL: T=18178277, R=0, W=0
--- 11,198 MB collected in 0.035 secs (0.2% of total), longest GC took 0.002 secs
DATA gc:  total_k 11467234  total_secs 0.034521  max_secs 0.001856
