startup =       4000
elapsed =       10000
threads =       1
accounts =      2
init =          1000000
maxAmount =     10
readFreq =      0
writeFreq =     0
readThreads =   0
writeThreads =  0
disjointTrans = false
yieldALot =     false

warming up
timed execution

TOTAL=2000000.0 [ 986515.0 1013485.0 ]

10001 actual elapsed

T=19265277, R=0, W=0

TOTAL: T=19265277, R=0, W=0
--- 11,817 MB collected in 0.034 secs (0.2% of total), longest GC took 0.002 secs
DATA gc:  total_k 12100674  total_secs 0.034189  max_secs 0.001829
