startup =       4000
elapsed =       10000
threads =       8
accounts =      8
init =          1000000
maxAmount =     10
readFreq =      0
writeFreq =     0
readThreads =   0
writeThreads =  0
disjointTrans = false
yieldALot =     false

warming up
timed execution

TOTAL=8000000.0 [ 1002274.0 1009352.0 952925.0 1025353.0 999980.0 1010994.0 1031212.0 967910.0 ]

10002 actual elapsed

T=1139212, R=0, W=0
T=840730, R=0, W=0
T=1060906, R=0, W=0
T=1013409, R=0, W=0
T=1029884, R=0, W=0
T=1008189, R=0, W=0
T=908765, R=0, W=0
T=1079558, R=0, W=0

TOTAL: T=8080653, R=0, W=0
--- 11,226 MB collected in 0.040 secs (0.3% of total), longest GC took 0.002 secs
DATA gc:  total_k 11495437  total_secs 0.040395  max_secs 0.002231
