startup =       4000
elapsed =       10000
threads =       4
accounts =      128
init =          1000000
maxAmount =     10
readFreq =      0
writeFreq =     0
readThreads =   0
writeThreads =  0
disjointTrans = false
yieldALot =     false
flavour =       rfw

warming up
timed execution

TOTAL=1.2800004E8 [ 1001102.0 992540.0 1009987.0 1000198.0 1006042.0 1002771.0 1012897.0 1003406.0 991386.0 1006145.0 1001023.0 1006286.0 996486.0 993683.0 1007999.0 993364.0 997252.0 985373.0 995382.0 994285.0 995567.0 996932.0 998108.0 1001853.0 981326.0 1006107.0 999448.0 983328.0 1006264.0 1004699.0 999721.0 993048.0 997140.0 996369.0 1002909.0 1006452.0 1008148.0 1005936.0 1001470.0 1008799.0 1004860.0 1013312.0 991224.0 997802.0 1013012.0 998526.0 993411.0 998900.0 993909.0 1013273.0 997837.0 1006391.0 993617.0 1004324.0 1008712.0 1001413.0 995598.0 990719.0 1006408.0 998635.0 1006330.0 1000312.0 986935.0 996265.0 1010571.0 1010116.0 993701.0 998730.0 994719.0 991314.0 991661.0 1010373.0 993173.0 1002563.0 998172.0 998943.0 991039.0 1002492.0 997461.0 999637.0 993397.0 1001893.0 998921.0 992770.0 1003168.0 996781.0 1005991.0 1002421.0 986778.0 987877.0 992401.0 1014408.0 1003590.0 1011529.0 1002550.0 990336.0 1003258.0 1003650.0 991701.0 994112.0 1004008.0 992039.0 1000420.0 1001850.0 993367.0 998703.0 1002151.0 995882.0 1024883.0 984892.0 993955.0 1003026.0 1011904.0 1009263.0 1003816.0 995246.0 1003113.0 994532.0 999855.0 1005789.0 1000782.0 1003327.0 1001994.0 1010256.0 997768.0 1004151.0 997562.0 1000313.0 ]

10001 actual elapsed

T=6969118, R=0, W=0
T=8244290, R=0, W=0
T=8572268, R=0, W=0
T=8115753, R=0, W=0

TOTAL: T=31901429, R=0, W=0
--- 23,881 MB collected in 0.043 secs (0.3% of total), longest GC took 0.002 secs
DATA gc:  total_k 24454902  total_secs 0.042739  max_secs 0.00231
