startup =       20000
elapsed =       10000
threads =       4
accounts =      4
init =          1000000
maxAmount =     10
readFreq =      0
writeFreq =     0
readThreads =   0
writeThreads =  0
disjointTrans = false
yieldALot =     false
flavour =       rfw

warming up
timed execution

TOTAL=4000000.0 [ 1011288.0 991983.0 992709.0 1004020.0 ]

10013 actual elapsed

T=342667, R=0, W=0
T=346514, R=0, W=0
T=344236, R=0, W=0
T=341293, R=0, W=0

TOTAL: T=1374710, R=0, W=0
--- 1887 MB collected in 0.589 secs (1.9% of total), longest GC took 0.160 secs
DATA gc:  total_k 1932657  total_secs 0.589483  max_secs 0.160013
