startup =       20000
elapsed =       10000
threads =       8
accounts =      8
init =          1000000
maxAmount =     10
readFreq =      0
writeFreq =     0
readThreads =   0
writeThreads =  0
disjointTrans = false
yieldALot =     false
flavour =       d

warming up
timed execution

TOTAL=8000000.0 [ 998485.0 1007289.0 998399.0 996152.0 1003317.0 1002054.0 999794.0 994510.0 ]

10014 actual elapsed

T=266890, R=0, W=0
T=248591, R=0, W=0
T=252770, R=0, W=0
T=258800, R=0, W=0
T=253107, R=0, W=0
T=241063, R=0, W=0
T=250710, R=0, W=0
T=240872, R=0, W=0

TOTAL: T=2012803, R=0, W=0
--- 2906 MB collected in 0.563 secs (1.9% of total), longest GC took 0.135 secs
DATA gc:  total_k 2975957  total_secs 0.562795  max_secs 0.134832
