startup =       4000
elapsed =       10000
threads =       32
accounts =      32
init =          1000000
maxAmount =     10
readFreq =      0
writeFreq =     0
readThreads =   0
writeThreads =  0
disjointTrans = false
yieldALot =     false

warming up
timed execution

TOTAL=3.2E7 [ 990771.0 1024773.0 971325.0 1009305.0 964110.0 1034859.0 941568.0 967335.0 1045141.0 1023504.0 1040056.0 958677.0 994537.0 1034274.0 997421.0 997275.0 979437.0 983828.0 1007437.0 1037281.0 1008042.0 1069168.0 959369.0 924585.0 1003607.0 968187.0 1002004.0 1045673.0 995136.0 1001676.0 990686.0 1028953.0 ]

10002 actual elapsed

T=721726, R=0, W=0
T=719711, R=0, W=0
T=798951, R=0, W=0
T=693660, R=0, W=0
T=772079, R=0, W=0
T=817638, R=0, W=0
T=736905, R=0, W=0
T=814747, R=0, W=0
T=723504, R=0, W=0
T=692953, R=0, W=0
T=733559, R=0, W=0
T=591846, R=0, W=0
T=781732, R=0, W=0
T=754840, R=0, W=0
T=656678, R=0, W=0
T=736117, R=0, W=0
T=788825, R=0, W=0
T=728034, R=0, W=0
T=786419, R=0, W=0
T=739788, R=0, W=0
T=813834, R=0, W=0
T=707493, R=0, W=0
T=735591, R=0, W=0
T=706737, R=0, W=0
T=718193, R=0, W=0
T=760187, R=0, W=0
T=709371, R=0, W=0
T=767559, R=0, W=0
T=724145, R=0, W=0
T=795903, R=0, W=0
T=825758, R=0, W=0
T=659227, R=0, W=0

TOTAL: T=23713710, R=0, W=0
--- 22,565 MB collected in 0.070 secs (0.5% of total), longest GC took 0.004 secs
DATA gc:  total_k 23107251  total_secs 0.069933  max_secs 0.003894
