startup =       20000
elapsed =       10000
threads =       4
accounts =      4
init =          1000000
maxAmount =     10
readFreq =      0
writeFreq =     0
readThreads =   0
writeThreads =  0
disjointTrans = false
yieldALot =     false
flavour =       t

warming up
timed execution

TOTAL=4000000.0 [ 1001820.0 985474.0 1009423.0 1003283.0 ]

10013 actual elapsed

T=369045, R=0, W=0
T=377458, R=0, W=0
T=368218, R=0, W=0
T=366764, R=0, W=0

TOTAL: T=1481485, R=0, W=0
--- 1887 MB collected in 0.632 secs (2.3% of total), longest GC took 0.161 secs
DATA gc:  total_k 1932715  total_secs 0.631818  max_secs 0.16108
