startup =       20000
elapsed =       10000
threads =       16
accounts =      16
init =          1000000
maxAmount =     10
readFreq =      0
writeFreq =     0
readThreads =   0
writeThreads =  0
disjointTrans = false
yieldALot =     false
flavour =       d

warming up
timed execution

TOTAL=1.6E7 [ 1001554.0 1010574.0 999114.0 1001930.0 1010242.0 987663.0 994010.0 1006954.0 997560.0 991723.0 989048.0 995686.0 999446.0 1010135.0 999059.0 1005302.0 ]

10014 actual elapsed

T=211104, R=0, W=0
T=214935, R=0, W=0
T=212035, R=0, W=0
T=215329, R=0, W=0
T=207002, R=0, W=0
T=214610, R=0, W=0
T=204831, R=0, W=0
T=210625, R=0, W=0
T=211313, R=0, W=0
T=221119, R=0, W=0
T=214621, R=0, W=0
T=216181, R=0, W=0
T=210990, R=0, W=0
T=207920, R=0, W=0
T=210139, R=0, W=0
T=212763, R=0, W=0

TOTAL: T=3395517, R=0, W=0
--- 5615 MB collected in 0.844 secs (2.7% of total), longest GC took 0.141 secs
DATA gc:  total_k 5750030  total_secs 0.844256  max_secs 0.140573
