startup =       4000
elapsed =       10000
threads =       8
accounts =      64
init =          1000000
maxAmount =     10
readFreq =      0
writeFreq =     0
readThreads =   0
writeThreads =  0
disjointTrans = false
yieldALot =     false

warming up
timed execution

TOTAL=6.3999992E7 [ 1012780.0 985993.0 979287.0 985864.0 1025066.0 1003209.0 1007970.0 1001105.0 993603.0 1003049.0 987722.0 989176.0 1000717.0 992918.0 1016770.0 1006274.0 1003115.0 988938.0 998513.0 1004306.0 989711.0 987275.0 995261.0 999263.0 992931.0 991406.0 982602.0 1016017.0 992287.0 1007958.0 1023308.0 1010965.0 986554.0 1007469.0 995848.0 992983.0 994283.0 999188.0 1010744.0 994753.0 990971.0 995522.0 1022758.0 1016177.0 1008171.0 972300.0 998459.0 1010565.0 1000721.0 997026.0 992497.0 995632.0 995284.0 980194.0 1010068.0 1002773.0 1020082.0 990722.0 1016597.0 1007646.0 976002.0 983369.0 1029801.0 1029482.0 ]

10001 actual elapsed

T=4394397, R=0, W=0
T=4415943, R=0, W=0
T=4499545, R=0, W=0
T=3620259, R=0, W=0
T=3414891, R=0, W=0
T=3582692, R=0, W=0
T=4377734, R=0, W=0
T=3628973, R=0, W=0

TOTAL: T=31934434, R=0, W=0
--- 22,467 MB collected in 0.050 secs (0.4% of total), longest GC took 0.003 secs
DATA gc:  total_k 23006661  total_secs 0.049929  max_secs 0.002837
