startup =       4000
elapsed =       10000
threads =       4
accounts =      4
init =          1000000
maxAmount =     10
readFreq =      0
writeFreq =     0
readThreads =   0
writeThreads =  0
disjointTrans = false
yieldALot =     false
flavour =       d

warming up
timed execution

TOTAL=4000000.0 [ 1007343.0 991046.0 1003470.0 998141.0 ]

10002 actual elapsed

T=1421140, R=0, W=0
T=1341564, R=0, W=0
T=1404565, R=0, W=0
T=1400101, R=0, W=0

TOTAL: T=5567370, R=0, W=0
--- 6,724 MB collected in 0.052 secs (0.4% of total), longest GC took 0.003 secs
DATA gc:  total_k 6885614  total_secs 0.052238  max_secs 0.002745
