startup =       4000
elapsed =       10000
threads =       4
accounts =      128
init =          1000000
maxAmount =     10
readFreq =      0
writeFreq =     0
readThreads =   0
writeThreads =  0
disjointTrans = false
yieldALot =     false
flavour =       t

warming up
timed execution

TOTAL=1.27999984E8 [ 1005893.0 1007567.0 1006551.0 1006129.0 1008440.0 1006083.0 1011734.0 1000002.0 1006825.0 1000992.0 994130.0 1009069.0 988314.0 1004613.0 995166.0 982625.0 1003235.0 998456.0 987473.0 1003224.0 1000970.0 997665.0 1011944.0 1003485.0 1002844.0 995617.0 1004792.0 999211.0 998365.0 996432.0 1003186.0 1002938.0 992759.0 1000573.0 989998.0 1002589.0 1001709.0 985766.0 1001292.0 1022573.0 1010082.0 1010434.0 1004730.0 994186.0 999092.0 998395.0 996110.0 1001366.0 1010668.0 998837.0 989832.0 994230.0 1005661.0 997903.0 993686.0 1000333.0 1007866.0 998261.0 1004075.0 993903.0 992460.0 1000049.0 997334.0 1011678.0 1010089.0 1001930.0 999361.0 1000074.0 984222.0 988369.0 1005163.0 1009508.0 1000791.0 1012068.0 1006047.0 1002428.0 1008532.0 1004860.0 1002168.0 987019.0 992295.0 992227.0 996875.0 1003377.0 994607.0 1001257.0 998906.0 1001464.0 993972.0 997817.0 989828.0 985808.0 1007967.0 997705.0 997798.0 1005610.0 1001626.0 1003097.0 999644.0 986820.0 992814.0 1005560.0 998722.0 994032.0 1001102.0 992179.0 1003560.0 1005439.0 999327.0 1010651.0 1007014.0 977956.0 985915.0 997365.0 988615.0 1006247.0 1009151.0 996592.0 991397.0 1003985.0 999778.0 988618.0 1002258.0 1005279.0 1013756.0 995933.0 999834.0 1003192.0 ]

10002 actual elapsed

T=7103946, R=0, W=0
T=6041055, R=0, W=0
T=7071522, R=0, W=0
T=6702415, R=0, W=0

TOTAL: T=26918938, R=0, W=0
--- 21,834 MB collected in 0.047 secs (0.3% of total), longest GC took 0.003 secs
DATA gc:  total_k 22358358  total_secs 0.046916  max_secs 0.00278
