startup =       4000
elapsed =       10000
threads =       2
accounts =      16
init =          1000000
maxAmount =     10
readFreq =      0
writeFreq =     0
readThreads =   0
writeThreads =  0
disjointTrans = false
yieldALot =     false

warming up
timed execution

TOTAL=1.6E7 [ 1000583.0 1001322.0 1004933.0 989319.0 998514.0 977761.0 985739.0 994138.0 1022577.0 1009830.0 1019033.0 999150.0 995504.0 998234.0 1001312.0 1002051.0 ]

10001 actual elapsed

T=7356525, R=0, W=0
T=6336654, R=0, W=0

TOTAL: T=13693179, R=0, W=0
--- 9,087 MB collected in 0.039 secs (0.3% of total), longest GC took 0.002 secs
DATA gc:  total_k 9305718  total_secs 0.039398  max_secs 0.002319
