startup =       4000
elapsed =       10000
threads =       16
accounts =      128
init =          1000000
maxAmount =     10
readFreq =      0
writeFreq =     0
readThreads =   0
writeThreads =  0
disjointTrans = false
yieldALot =     false

warming up
timed execution

TOTAL=1.28000008E8 [ 988328.0 1020601.0 1000237.0 987052.0 994883.0 1031814.0 983923.0 999444.0 1021707.0 1015911.0 1009688.0 996335.0 982756.0 1004783.0 996455.0 1018075.0 1028552.0 951667.0 982470.0 992596.0 1035162.0 987431.0 986375.0 990436.0 979542.0 1048759.0 1008720.0 986277.0 937958.0 1010535.0 974097.0 1012471.0 1039098.0 993670.0 1007256.0 1024833.0 1029590.0 957388.0 1004674.0 996890.0 967548.0 1034573.0 981453.0 1039430.0 1020256.0 1016404.0 964374.0 1021308.0 954769.0 988057.0 987986.0 1012516.0 974928.0 997045.0 980870.0 998585.0 995136.0 997084.0 1001130.0 991286.0 1003934.0 985685.0 1021978.0 1010401.0 990823.0 1009965.0 1028822.0 975480.0 1011976.0 1008305.0 1037268.0 1015931.0 1012965.0 954579.0 995192.0 986272.0 995877.0 1025666.0 1004712.0 961814.0 1034409.0 1020914.0 992516.0 957671.0 982890.0 1009965.0 1001796.0 998176.0 1015398.0 1042169.0 1007935.0 973098.0 998592.0 964244.0 1017058.0 989716.0 977117.0 1020141.0 1036890.0 1037365.0 998077.0 1010816.0 984516.0 1000358.0 1000272.0 989541.0 1027581.0 999564.0 1020698.0 1035538.0 1027175.0 980699.0 1034325.0 992846.0 988757.0 969214.0 993259.0 956895.0 985579.0 1044855.0 987247.0 972953.0 989088.0 987283.0 1005741.0 996335.0 960427.0 1001479.0 ]

10002 actual elapsed

T=3207873, R=0, W=0
T=2832862, R=0, W=0
T=2597852, R=0, W=0
T=3171086, R=0, W=0
T=3252899, R=0, W=0
T=2914863, R=0, W=0
T=2394821, R=0, W=0
T=3204359, R=0, W=0
T=2509604, R=0, W=0
T=2673048, R=0, W=0
T=3176938, R=0, W=0
T=2875013, R=0, W=0
T=2468387, R=0, W=0
T=2682356, R=0, W=0
T=2920545, R=0, W=0
T=2490916, R=0, W=0

TOTAL: T=45373422, R=0, W=0
--- 32,027 MB collected in 0.078 secs (0.5% of total), longest GC took 0.003 secs
DATA gc:  total_k 32796109  total_secs 0.077642  max_secs 0.003099
