startup =       4000
elapsed =       10000
threads =       4
accounts =      4
init =          1000000
maxAmount =     10
readFreq =      0
writeFreq =     0
readThreads =   0
writeThreads =  0
disjointTrans = false
yieldALot =     false
flavour =       t

warming up
timed execution

TOTAL=4000000.0 [ 998295.0 1027250.0 982176.0 992279.0 ]

10002 actual elapsed

T=1497378, R=0, W=0
T=1415883, R=0, W=0
T=1479454, R=0, W=0
T=1299521, R=0, W=0

TOTAL: T=5692236, R=0, W=0
--- 7,839 MB collected in 0.033 secs (0.2% of total), longest GC took 0.002 secs
DATA gc:  total_k 8027438  total_secs 0.033411  max_secs 0.002094
