startup =       20000
elapsed =       10000
threads =       32
accounts =      32
init =          1000000
maxAmount =     10
readFreq =      0
writeFreq =     0
readThreads =   0
writeThreads =  0
disjointTrans = false
yieldALot =     false
flavour =       d

warming up
timed execution

TOTAL=3.1999998E7 [ 992605.0 995936.0 1002875.0 998906.0 993414.0 1000184.0 997015.0 999870.0 1002488.0 994430.0 997789.0 995642.0 993245.0 1007907.0 1003494.0 1003269.0 1001363.0 999886.0 999820.0 1000932.0 1001528.0 995735.0 998589.0 995645.0 999739.0 1000446.0 1006615.0 998101.0 993684.0 1005739.0 1019311.0 1003798.0 ]

10014 actual elapsed

T=164892, R=0, W=0
T=148945, R=0, W=0
T=162447, R=0, W=0
T=157313, R=0, W=0
T=160647, R=0, W=0
T=148784, R=0, W=0
T=159485, R=0, W=0
T=154348, R=0, W=0
T=160949, R=0, W=0
T=151520, R=0, W=0
T=161086, R=0, W=0
T=154121, R=0, W=0
T=160432, R=0, W=0
T=98999, R=0, W=0
T=162641, R=0, W=0
T=156150, R=0, W=0
T=161425, R=0, W=0
T=150665, R=0, W=0
T=162341, R=0, W=0
T=153782, R=0, W=0
T=161006, R=0, W=0
T=151856, R=0, W=0
T=162499, R=0, W=0
T=154301, R=0, W=0
T=159104, R=0, W=0
T=151074, R=0, W=0
T=161255, R=0, W=0
T=154926, R=0, W=0
T=159167, R=0, W=0
T=149185, R=0, W=0
T=162894, R=0, W=0
T=158719, R=0, W=0

TOTAL: T=4976958, R=0, W=0
--- 6953 MB collected in 1.219 secs (3.8% of total), longest GC took 0.142 secs
DATA gc:  total_k 7120283  total_secs 1.21889  max_secs 0.142063
