startup =       20000
elapsed =       10000
threads =       32
accounts =      32
init =          1000000
maxAmount =     10
readFreq =      0
writeFreq =     0
readThreads =   0
writeThreads =  0
disjointTrans = false
yieldALot =     false
flavour =       rfw

warming up
timed execution

TOTAL=3.2E7 [ 1001419.0 1010159.0 996033.0 1000769.0 998498.0 996283.0 995014.0 1007201.0 999204.0 995325.0 993772.0 986253.0 1001807.0 996113.0 996929.0 998581.0 1002999.0 1000772.0 1001557.0 994129.0 1006943.0 1000564.0 1000904.0 995308.0 1008933.0 1006771.0 1005676.0 1003078.0 999761.0 1000168.0 1001052.0 998025.0 ]

10014 actual elapsed

T=187885, R=0, W=0
T=188094, R=0, W=0
T=186341, R=0, W=0
T=192892, R=0, W=0
T=183795, R=0, W=0
T=186198, R=0, W=0
T=186250, R=0, W=0
T=183902, R=0, W=0
T=185659, R=0, W=0
T=191262, R=0, W=0
T=186087, R=0, W=0
T=187591, R=0, W=0
T=182589, R=0, W=0
T=183789, R=0, W=0
T=187181, R=0, W=0
T=167968, R=0, W=0
T=178799, R=0, W=0
T=184566, R=0, W=0
T=167243, R=0, W=0
T=189735, R=0, W=0
T=178585, R=0, W=0
T=184586, R=0, W=0
T=186152, R=0, W=0
T=191311, R=0, W=0
T=185290, R=0, W=0
T=184010, R=0, W=0
T=186811, R=0, W=0
T=188879, R=0, W=0
T=186909, R=0, W=0
T=181713, R=0, W=0
T=188508, R=0, W=0
T=185367, R=0, W=0

TOTAL: T=5915947, R=0, W=0
--- 9673 MB collected in 1.338 secs (4.2% of total), longest GC took 0.157 secs
DATA gc:  total_k 9905539  total_secs 1.33758  max_secs 0.157453
