startup =       20000
elapsed =       10000
threads =       8
accounts =      8
init =          1000000
maxAmount =     10
readFreq =      0
writeFreq =     0
readThreads =   0
writeThreads =  0
disjointTrans = false
yieldALot =     false
flavour =       rfw

warming up
timed execution

TOTAL=8000000.0 [ 1017750.0 999411.0 992663.0 996438.0 991912.0 999931.0 994863.0 1007032.0 ]

10014 actual elapsed

T=250398, R=0, W=0
T=253391, R=0, W=0
T=257354, R=0, W=0
T=248096, R=0, W=0
T=258317, R=0, W=0
T=244244, R=0, W=0
T=243088, R=0, W=0
T=240609, R=0, W=0

TOTAL: T=1995497, R=0, W=0
--- 3245 MB collected in 0.597 secs (2.0% of total), longest GC took 0.152 secs
DATA gc:  total_k 3323457  total_secs 0.597114  max_secs 0.151808
