startup =       20000
elapsed =       10000
threads =       16
accounts =      16
init =          1000000
maxAmount =     10
readFreq =      0
writeFreq =     0
readThreads =   0
writeThreads =  0
disjointTrans = false
yieldALot =     false
flavour =       t

warming up
timed execution

TOTAL=1.6E7 [ 1003822.0 1002232.0 990983.0 1004208.0 1006296.0 999841.0 996814.0 992609.0 1004640.0 1009730.0 990225.0 997833.0 996038.0 995781.0 1003228.0 1005720.0 ]

10019 actual elapsed

T=230776, R=0, W=0
T=228937, R=0, W=0
T=226936, R=0, W=0
T=229043, R=0, W=0
T=231066, R=0, W=0
T=210689, R=0, W=0
T=226820, R=0, W=0
T=236724, R=0, W=0
T=226259, R=0, W=0
T=228326, R=0, W=0
T=234900, R=0, W=0
T=234790, R=0, W=0
T=235183, R=0, W=0
T=223390, R=0, W=0
T=224215, R=0, W=0
T=240414, R=0, W=0

TOTAL: T=3668468, R=0, W=0
--- 6974 MB collected in 0.911 secs (2.9% of total), longest GC took 0.173 secs
DATA gc:  total_k 7141682  total_secs 0.91105  max_secs 0.173411
