startup =       4000
elapsed =       10000
threads =       4
accounts =      4
init =          1000000
maxAmount =     10
readFreq =      0
writeFreq =     0
readThreads =   0
writeThreads =  0
disjointTrans = false
yieldALot =     false
flavour =       t

warming up
timed execution

TOTAL=4000000.0 [ 1018031.0 954174.0 1032633.0 995162.0 ]

10002 actual elapsed

T=1382092, R=0, W=0
T=1369342, R=0, W=0
T=1470184, R=0, W=0
T=1433796, R=0, W=0

TOTAL: T=5655414, R=0, W=0
--- 8,087 MB collected in 0.036 secs (0.3% of total), longest GC took 0.002 secs
DATA gc:  total_k 8282030  total_secs 0.035663  max_secs 0.002115
