startup =       4000
elapsed =       10000
threads =       4
accounts =      32
init =          1000000
maxAmount =     10
readFreq =      0
writeFreq =     0
readThreads =   0
writeThreads =  0
disjointTrans = false
yieldALot =     false

warming up
timed execution

TOTAL=3.1999998E7 [ 985982.0 1000261.0 985797.0 1026238.0 1016872.0 997300.0 1000546.0 999924.0 999112.0 1006415.0 983525.0 1009666.0 998532.0 957677.0 993646.0 993002.0 1000356.0 981000.0 1010096.0 1010261.0 1015317.0 1014053.0 985298.0 1000295.0 1017890.0 967202.0 996019.0 1043318.0 995318.0 1023781.0 1002411.0 982890.0 ]

10002 actual elapsed

T=4802299, R=0, W=0
T=4568621, R=0, W=0
T=5164941, R=0, W=0
T=4325322, R=0, W=0

TOTAL: T=18861183, R=0, W=0
--- 13,360 MB collected in 0.037 secs (0.3% of total), longest GC took 0.002 secs
DATA gc:  total_k 13680998  total_secs 0.037117  max_secs 0.002465
