startup =       4000
elapsed =       10000
threads =       8
accounts =      8
init =          1000000
maxAmount =     10
readFreq =      0
writeFreq =     0
readThreads =   0
writeThreads =  0
disjointTrans = false
yieldALot =     false
flavour =       t

warming up
timed execution

TOTAL=8000000.0 [ 995465.0 1027829.0 982092.0 973321.0 1007823.0 1012744.0 1018636.0 982090.0 ]

10002 actual elapsed

T=1183035, R=0, W=0
T=1058832, R=0, W=0
T=1169925, R=0, W=0
T=1085720, R=0, W=0
T=1043376, R=0, W=0
T=935582, R=0, W=0
T=1078675, R=0, W=0
T=1077287, R=0, W=0

TOTAL: T=8632432, R=0, W=0
--- 12,723 MB collected in 0.059 secs (0.4% of total), longest GC took 0.003 secs
DATA gc:  total_k 13028813  total_secs 0.058875  max_secs 0.003085
