startup =       20000
elapsed =       10000
threads =       16
accounts =      16
init =          1000000
maxAmount =     10
readFreq =      0
writeFreq =     0
readThreads =   0
writeThreads =  0
disjointTrans = false
yieldALot =     false
flavour =       t

warming up
timed execution

TOTAL=1.6E7 [ 990911.0 997281.0 997515.0 990762.0 991201.0 1006128.0 997203.0 1006592.0 1007198.0 998720.0 998208.0 997087.0 1007535.0 996426.0 1004287.0 1012946.0 ]

10015 actual elapsed

T=225644, R=0, W=0
T=231168, R=0, W=0
T=228665, R=0, W=0
T=218758, R=0, W=0
T=225017, R=0, W=0
T=225941, R=0, W=0
T=224570, R=0, W=0
T=223879, R=0, W=0
T=226003, R=0, W=0
T=223627, R=0, W=0
T=228517, R=0, W=0
T=225533, R=0, W=0
T=217189, R=0, W=0
T=226736, R=0, W=0
T=222563, R=0, W=0
T=221642, R=0, W=0

TOTAL: T=3595452, R=0, W=0
--- 6974 MB collected in 0.876 secs (2.7% of total), longest GC took 0.155 secs
DATA gc:  total_k 7141666  total_secs 0.876079  max_secs 0.155441
