startup =       20000
elapsed =       10000
threads =       8
accounts =      8
init =          1000000
maxAmount =     10
readFreq =      0
writeFreq =     0
readThreads =   0
writeThreads =  0
disjointTrans = false
yieldALot =     false
flavour =       rfw

warming up
timed execution

TOTAL=8000000.0 [ 1004585.0 994523.0 997157.0 998492.0 1013896.0 1004652.0 990457.0 996238.0 ]

10014 actual elapsed

T=244341, R=0, W=0
T=257270, R=0, W=0
T=263024, R=0, W=0
T=272258, R=0, W=0
T=262892, R=0, W=0
T=252138, R=0, W=0
T=254162, R=0, W=0
T=235614, R=0, W=0

TOTAL: T=2041699, R=0, W=0
--- 3245 MB collected in 0.643 secs (2.1% of total), longest GC took 0.176 secs
DATA gc:  total_k 3323589  total_secs 0.642987  max_secs 0.175521
