startup =       4000
elapsed =       10000
threads =       4
accounts =      4
init =          1000000
maxAmount =     10
readFreq =      0
writeFreq =     0
readThreads =   0
writeThreads =  0
disjointTrans = false
yieldALot =     false
flavour =       rfw

warming up
timed execution

TOTAL=4000000.0 [ 1003291.0 1026136.0 985930.0 984643.0 ]

10001 actual elapsed

T=1521673, R=0, W=0
T=1436330, R=0, W=0
T=1668925, R=0, W=0
T=1511161, R=0, W=0

TOTAL: T=6138089, R=0, W=0
--- 7,591 MB collected in 0.046 secs (0.3% of total), longest GC took 0.002 secs
DATA gc:  total_k 7773358  total_secs 0.046219  max_secs 0.002361
