startup =       20000
elapsed =       10000
threads =       16
accounts =      16
init =          1000000
maxAmount =     10
readFreq =      0
writeFreq =     0
readThreads =   0
writeThreads =  0
disjointTrans = false
yieldALot =     false
flavour =       rfw

warming up
timed execution

TOTAL=1.6E7 [ 1001637.0 997332.0 1006696.0 994180.0 1000963.0 993632.0 996189.0 1001590.0 999418.0 994090.0 1002601.0 1006815.0 1000819.0 994973.0 1004641.0 1004424.0 ]

10015 actual elapsed

T=214955, R=0, W=0
T=206076, R=0, W=0
T=224898, R=0, W=0
T=213947, R=0, W=0
T=197937, R=0, W=0
T=212673, R=0, W=0
T=214043, R=0, W=0
T=209126, R=0, W=0
T=214545, R=0, W=0
T=209926, R=0, W=0
T=217300, R=0, W=0
T=216753, R=0, W=0
T=205365, R=0, W=0
T=211833, R=0, W=0
T=217031, R=0, W=0
T=215783, R=0, W=0

TOTAL: T=3402191, R=0, W=0
--- 6294 MB collected in 0.895 secs (2.8% of total), longest GC took 0.138 secs
DATA gc:  total_k 6445258  total_secs 0.894705  max_secs 0.138094
