startup =       20000
elapsed =       10000
threads =       4
accounts =      4
init =          1000000
maxAmount =     10
readFreq =      0
writeFreq =     0
readThreads =   0
writeThreads =  0
disjointTrans = false
yieldALot =     false
flavour =       rfw

warming up
timed execution

TOTAL=4000000.0 [ 997996.0 1015407.0 987091.0 999506.0 ]

10014 actual elapsed

T=330510, R=0, W=0
T=331186, R=0, W=0
T=335032, R=0, W=0
T=322281, R=0, W=0

TOTAL: T=1319009, R=0, W=0
--- 1887 MB collected in 0.589 secs (1.8% of total), longest GC took 0.141 secs
DATA gc:  total_k 1932773  total_secs 0.589144  max_secs 0.141365
