startup =       4000
elapsed =       10000
threads =       8
accounts =      8
init =          1000000
maxAmount =     10
readFreq =      0
writeFreq =     0
readThreads =   0
writeThreads =  0
disjointTrans = false
yieldALot =     false
flavour =       t

warming up
timed execution

TOTAL=8000000.0 [ 998344.0 1004187.0 976522.0 1009833.0 995120.0 1005415.0 1009044.0 1001535.0 ]

10002 actual elapsed

T=1069625, R=0, W=0
T=1294148, R=0, W=0
T=1326341, R=0, W=0
T=1192920, R=0, W=0
T=1270831, R=0, W=0
T=1288491, R=0, W=0
T=1237941, R=0, W=0
T=1316128, R=0, W=0

TOTAL: T=9996425, R=0, W=0
--- 14,277 MB collected in 0.046 secs (0.3% of total), longest GC took 0.003 secs
DATA gc:  total_k 14619690  total_secs 0.045825  max_secs 0.002999
