startup =       4000
elapsed =       10000
threads =       16
accounts =      16
init =          1000000
maxAmount =     10
readFreq =      0
writeFreq =     0
readThreads =   0
writeThreads =  0
disjointTrans = false
yieldALot =     false
flavour =       d

warming up
timed execution

TOTAL=1.6E7 [ 1053237.0 1024370.0 959361.0 943461.0 1081045.0 1030894.0 1036424.0 972618.0 937205.0 1018554.0 1000519.0 985688.0 982123.0 1006578.0 971347.0 996576.0 ]

10002 actual elapsed

T=634691, R=0, W=0
T=838736, R=0, W=0
T=734697, R=0, W=0
T=771622, R=0, W=0
T=842456, R=0, W=0
T=765210, R=0, W=0
T=689340, R=0, W=0
T=735702, R=0, W=0
T=732783, R=0, W=0
T=769871, R=0, W=0
T=742679, R=0, W=0
T=743067, R=0, W=0
T=763391, R=0, W=0
T=729888, R=0, W=0
T=825644, R=0, W=0
T=672881, R=0, W=0

TOTAL: T=11992658, R=0, W=0
--- 17,125 MB collected in 0.087 secs (0.6% of total), longest GC took 0.003 secs
DATA gc:  total_k 17536605  total_secs 0.086666  max_secs 0.003409
