startup =       4000
elapsed =       10000
threads =       32
accounts =      32
init =          1000000
maxAmount =     10
readFreq =      0
writeFreq =     0
readThreads =   0
writeThreads =  0
disjointTrans = false
yieldALot =     false
flavour =       d

warming up
timed execution

TOTAL=3.2E7 [ 963503.0 1038567.0 988017.0 979666.0 985557.0 966510.0 968109.0 991491.0 1019468.0 967291.0 1008188.0 1012587.0 1047674.0 996249.0 983484.0 1001863.0 984336.0 1041022.0 1049215.0 1015799.0 994937.0 1005334.0 974496.0 1041917.0 1013139.0 970298.0 1033063.0 999219.0 1005940.0 1009517.0 993041.0 950503.0 ]

10002 actual elapsed

T=824514, R=0, W=0
T=726516, R=0, W=0
T=836244, R=0, W=0
T=827728, R=0, W=0
T=743208, R=0, W=0
T=745825, R=0, W=0
T=771846, R=0, W=0
T=744757, R=0, W=0
T=823862, R=0, W=0
T=683912, R=0, W=0
T=743364, R=0, W=0
T=606466, R=0, W=0
T=758342, R=0, W=0
T=830258, R=0, W=0
T=765102, R=0, W=0
T=777982, R=0, W=0
T=757400, R=0, W=0
T=695468, R=0, W=0
T=691399, R=0, W=0
T=703154, R=0, W=0
T=838045, R=0, W=0
T=825338, R=0, W=0
T=749178, R=0, W=0
T=803394, R=0, W=0
T=733310, R=0, W=0
T=752727, R=0, W=0
T=625262, R=0, W=0
T=753939, R=0, W=0
T=822604, R=0, W=0
T=766429, R=0, W=0
T=786233, R=0, W=0
T=675879, R=0, W=0

TOTAL: T=24189685, R=0, W=0
--- 23,520 MB collected in 0.062 secs (0.4% of total), longest GC took 0.004 secs
DATA gc:  total_k 24085363  total_secs 0.061886  max_secs 0.003689
