startup =       4000
elapsed =       10000
threads =       32
accounts =      32
init =          1000000
maxAmount =     10
readFreq =      0
writeFreq =     0
readThreads =   0
writeThreads =  0
disjointTrans = false
yieldALot =     false
flavour =       rfw

warming up
timed execution

TOTAL=3.2E7 [ 1017732.0 1000589.0 1013032.0 1010183.0 963092.0 976976.0 1065245.0 1040096.0 978192.0 988947.0 1028443.0 963485.0 1050843.0 973528.0 1058917.0 1013757.0 986308.0 1036522.0 1004180.0 972436.0 993362.0 984049.0 958007.0 980108.0 949124.0 1020516.0 1025206.0 1019718.0 1000275.0 994648.0 974229.0 958255.0 ]

10002 actual elapsed

T=743359, R=0, W=0
T=724806, R=0, W=0
T=789701, R=0, W=0
T=824104, R=0, W=0
T=725609, R=0, W=0
T=822184, R=0, W=0
T=835467, R=0, W=0
T=808939, R=0, W=0
T=732739, R=0, W=0
T=638352, R=0, W=0
T=720519, R=0, W=0
T=723179, R=0, W=0
T=815497, R=0, W=0
T=712793, R=0, W=0
T=811812, R=0, W=0
T=632717, R=0, W=0
T=723927, R=0, W=0
T=778835, R=0, W=0
T=734142, R=0, W=0
T=771572, R=0, W=0
T=828829, R=0, W=0
T=779018, R=0, W=0
T=816408, R=0, W=0
T=658410, R=0, W=0
T=752775, R=0, W=0
T=835445, R=0, W=0
T=577484, R=0, W=0
T=801576, R=0, W=0
T=719464, R=0, W=0
T=831941, R=0, W=0
T=728524, R=0, W=0
T=787299, R=0, W=0

TOTAL: T=24187426, R=0, W=0
--- 25,658 MB collected in 0.098 secs (0.7% of total), longest GC took 0.009 secs
DATA gc:  total_k 26273811  total_secs 0.097761  max_secs 0.009333
