startup =       4000
elapsed =       10000
threads =       4
accounts =      128
init =          1000000
maxAmount =     10
readFreq =      0
writeFreq =     0
readThreads =   0
writeThreads =  0
disjointTrans = false
yieldALot =     false
flavour =       rfw

warming up
timed execution

TOTAL=1.27999984E8 [ 1006950.0 1003844.0 999060.0 1013766.0 1004491.0 1012301.0 1004349.0 995215.0 1008720.0 997056.0 998545.0 998682.0 1007226.0 984677.0 1000680.0 1003702.0 990460.0 1003857.0 993022.0 996352.0 995932.0 1004392.0 979407.0 1009715.0 997372.0 1007341.0 991314.0 1000225.0 1012326.0 987206.0 996077.0 989166.0 1005611.0 1001633.0 1001158.0 983199.0 1016721.0 1006127.0 1007545.0 997471.0 1001255.0 1009471.0 1007814.0 1003201.0 1003962.0 996614.0 994837.0 1002846.0 991475.0 988218.0 996744.0 998747.0 1002920.0 1002781.0 990579.0 999791.0 1003977.0 1002038.0 996870.0 1003101.0 1013814.0 1013632.0 990618.0 991989.0 1009086.0 991431.0 1004417.0 995888.0 1004776.0 1003920.0 987106.0 1002190.0 998986.0 999688.0 1002256.0 1008730.0 1006616.0 991157.0 1004475.0 994855.0 997803.0 1006943.0 1002981.0 1009797.0 1011916.0 996797.0 1005353.0 1002266.0 1011074.0 994637.0 1000423.0 989234.0 1007967.0 993650.0 1008561.0 999097.0 1008609.0 1001372.0 996934.0 992397.0 1000797.0 996175.0 991768.0 1010097.0 993377.0 996168.0 999345.0 999950.0 1005476.0 1001323.0 999811.0 1008990.0 987324.0 998217.0 994919.0 994522.0 998613.0 993243.0 1004803.0 998740.0 996627.0 1010435.0 1000399.0 995232.0 988785.0 989673.0 994220.0 987396.0 ]

10001 actual elapsed

T=7188739, R=0, W=0
T=6427542, R=0, W=0
T=6504621, R=0, W=0
T=6462070, R=0, W=0

TOTAL: T=26582972, R=0, W=0
--- 19,421 MB collected in 0.037 secs (0.3% of total), longest GC took 0.003 secs
DATA gc:  total_k 19887254  total_secs 0.036973  max_secs 0.00261
