startup =       20000
elapsed =       10000
threads =       32
accounts =      32
init =          1000000
maxAmount =     10
readFreq =      0
writeFreq =     0
readThreads =   0
writeThreads =  0
disjointTrans = false
yieldALot =     false
flavour =       t

warming up
timed execution

TOTAL=3.2000002E7 [ 994072.0 1002604.0 996425.0 997081.0 1008932.0 1002953.0 1002072.0 1002514.0 995659.0 992368.0 999570.0 1011197.0 1014655.0 1002906.0 993943.0 1000104.0 1002074.0 1004939.0 1006731.0 994910.0 1001213.0 985798.0 1005384.0 996370.0 984889.0 996216.0 1006182.0 1003000.0 999296.0 993469.0 987376.0 1015098.0 ]

10015 actual elapsed

T=188318, R=0, W=0
T=189989, R=0, W=0
T=183102, R=0, W=0
T=186443, R=0, W=0
T=189527, R=0, W=0
T=188879, R=0, W=0
T=182138, R=0, W=0
T=185759, R=0, W=0
T=188230, R=0, W=0
T=190844, R=0, W=0
T=183748, R=0, W=0
T=188218, R=0, W=0
T=187107, R=0, W=0
T=189529, R=0, W=0
T=183251, R=0, W=0
T=187506, R=0, W=0
T=190835, R=0, W=0
T=187947, R=0, W=0
T=180368, R=0, W=0
T=186225, R=0, W=0
T=188976, R=0, W=0
T=185111, R=0, W=0
T=185699, R=0, W=0
T=187876, R=0, W=0
T=187772, R=0, W=0
T=187710, R=0, W=0
T=184993, R=0, W=0
T=191196, R=0, W=0
T=187879, R=0, W=0
T=189808, R=0, W=0
T=184373, R=0, W=0
T=180704, R=0, W=0

TOTAL: T=5980060, R=0, W=0
--- 9330 MB collected in 1.383 secs (4.4% of total), longest GC took 0.147 secs
DATA gc:  total_k 9554433  total_secs 1.38309  max_secs 0.146575
