startup =       4000
elapsed =       10000
threads =       1
accounts =      2
init =          1000000
maxAmount =     10
readFreq =      0
writeFreq =     0
readThreads =   0
writeThreads =  0
disjointTrans = false
yieldALot =     false

warming up
timed execution

TOTAL=2000000.0 [ 994639.0 1005361.0 ]

10002 actual elapsed

T=19232507, R=0, W=0

TOTAL: T=19232507, R=0, W=0
--- 11,819 MB collected in 0.037 secs (0.3% of total), longest GC took 0.002 secs
DATA gc:  total_k 12102818  total_secs 0.03706  max_secs 0.002325
