startup =       4000
elapsed =       10000
threads =       8
accounts =      64
init =          1000000
maxAmount =     10
readFreq =      0
writeFreq =     0
readThreads =   0
writeThreads =  0
disjointTrans = false
yieldALot =     false

warming up
timed execution

TOTAL=6.3999996E7 [ 1037960.0 1008135.0 976890.0 987197.0 1012619.0 991740.0 983223.0 975263.0 995169.0 982965.0 1004942.0 984446.0 967613.0 1001793.0 1009786.0 986090.0 982690.0 1015337.0 991754.0 976971.0 1027506.0 1019992.0 1006192.0 966861.0 985898.0 1031761.0 999193.0 968137.0 1016045.0 1029251.0 1003574.0 1000355.0 982287.0 1025728.0 995273.0 985294.0 998921.0 1041744.0 995356.0 977918.0 994372.0 978946.0 992684.0 994578.0 1020609.0 1029454.0 1005528.0 995386.0 1014757.0 1005473.0 999252.0 1032217.0 1000559.0 1005239.0 968353.0 997829.0 1012232.0 1017443.0 968945.0 1023614.0 996845.0 1007789.0 993268.0 1014759.0 ]

10001 actual elapsed

T=4108837, R=0, W=0
T=4283519, R=0, W=0
T=3792184, R=0, W=0
T=3624281, R=0, W=0
T=3470165, R=0, W=0
T=3345176, R=0, W=0
T=2334561, R=0, W=0
T=4249314, R=0, W=0

TOTAL: T=29208037, R=0, W=0
--- 20,361 MB collected in 0.052 secs (0.4% of total), longest GC took 0.004 secs
DATA gc:  total_k 20850249  total_secs 0.051543  max_secs 0.004223
