startup =       20000
elapsed =       10000
threads =       4
accounts =      4
init =          1000000
maxAmount =     10
readFreq =      0
writeFreq =     0
readThreads =   0
writeThreads =  0
disjointTrans = false
yieldALot =     false
flavour =       d

warming up
timed execution

TOTAL=4000000.0 [ 1008050.0 998915.0 1003913.0 989122.0 ]

10014 actual elapsed

T=335794, R=0, W=0
T=324034, R=0, W=0
T=326355, R=0, W=0
T=324250, R=0, W=0

TOTAL: T=1310433, R=0, W=0
--- 1546 MB collected in 0.443 secs (1.5% of total), longest GC took 0.152 secs
DATA gc:  total_k 1583592  total_secs 0.443446  max_secs 0.151977
