startup =       4000
elapsed =       10000
threads =       8
accounts =      8
init =          1000000
maxAmount =     10
readFreq =      0
writeFreq =     0
readThreads =   0
writeThreads =  0
disjointTrans = false
yieldALot =     false

warming up
timed execution

TOTAL=8000000.0 [ 967021.0 1003763.0 1010922.0 989023.0 1000017.0 1038305.0 1004092.0 986857.0 ]

10002 actual elapsed

T=1078534, R=0, W=0
T=987743, R=0, W=0
T=981310, R=0, W=0
T=969471, R=0, W=0
T=761848, R=0, W=0
T=1129573, R=0, W=0
T=1006270, R=0, W=0
T=1124251, R=0, W=0

TOTAL: T=8039000, R=0, W=0
--- 10,904 MB collected in 0.040 secs (0.3% of total), longest GC took 0.002 secs
DATA gc:  total_k 11166157  total_secs 0.039629  max_secs 0.002227
