startup =       4000
elapsed =       10000
threads =       4
accounts =      4
init =          1000000
maxAmount =     10
readFreq =      0
writeFreq =     0
readThreads =   0
writeThreads =  0
disjointTrans = false
yieldALot =     false

warming up
timed execution

TOTAL=4000000.0 [ 996884.0 1012179.0 982307.0 1008630.0 ]

10001 actual elapsed

T=1496070, R=0, W=0
T=1432362, R=0, W=0
T=1615542, R=0, W=0
T=1521403, R=0, W=0

TOTAL: T=6065377, R=0, W=0
--- 7,340 MB collected in 0.052 secs (0.4% of total), longest GC took 0.002 secs
DATA gc:  total_k 7517030  total_secs 0.05179  max_secs 0.002367
