startup =       4000
elapsed =       10000
threads =       4
accounts =      128
init =          1000000
maxAmount =     10
readFreq =      0
writeFreq =     0
readThreads =   0
writeThreads =  0
disjointTrans = false
yieldALot =     false
flavour =       t

warming up
timed execution

TOTAL=1.27999952E8 [ 1000511.0 983888.0 1009021.0 994604.0 998657.0 1009398.0 999113.0 995275.0 998725.0 1005090.0 1004492.0 997610.0 997468.0 997997.0 981699.0 1010687.0 992453.0 987366.0 1005873.0 1010861.0 1002498.0 987325.0 1012940.0 1001932.0 996442.0 996364.0 1001928.0 1003883.0 1004126.0 997767.0 1006159.0 982932.0 1001253.0 1003269.0 1014798.0 1001856.0 1009931.0 993736.0 995604.0 1008330.0 992232.0 996513.0 995066.0 992266.0 998190.0 994921.0 1002109.0 999640.0 1001701.0 1009439.0 1006687.0 1002067.0 1004012.0 1005060.0 994530.0 994928.0 1005188.0 1005169.0 991933.0 1003748.0 992774.0 1007973.0 989239.0 1003317.0 1001952.0 997637.0 1012440.0 1007443.0 1006338.0 995665.0 1004751.0 982608.0 999731.0 1010254.0 1000931.0 1000226.0 1004769.0 1000697.0 992777.0 1003010.0 981059.0 1010891.0 1025463.0 990638.0 984172.0 1000973.0 1008134.0 1021411.0 1001756.0 1005632.0 995763.0 986411.0 999180.0 1001316.0 1001051.0 998322.0 1002523.0 1001394.0 986199.0 999918.0 1007382.0 999119.0 996202.0 989138.0 1002031.0 1005690.0 1008929.0 994799.0 1004663.0 1003404.0 994382.0 996424.0 989726.0 997617.0 1009408.0 992918.0 1000520.0 1006566.0 990643.0 1006460.0 995209.0 999848.0 992321.0 1004047.0 1007238.0 1002278.0 995387.0 991653.0 ]

10001 actual elapsed

T=7944354, R=0, W=0
T=6699613, R=0, W=0
T=8173300, R=0, W=0
T=7653386, R=0, W=0

TOTAL: T=30470653, R=0, W=0
--- 24,748 MB collected in 0.046 secs (0.3% of total), longest GC took 0.003 secs
DATA gc:  total_k 25342806  total_secs 0.046254  max_secs 0.00264
