startup =       4000
elapsed =       10000
threads =       1
accounts =      2
init =          1000000
maxAmount =     10
readFreq =      0
writeFreq =     0
readThreads =   0
writeThreads =  0
disjointTrans = false
yieldALot =     false

warming up
timed execution

TOTAL=2000000.0 [ 981027.0 1018973.0 ]

10001 actual elapsed

T=19248495, R=0, W=0

TOTAL: T=19248495, R=0, W=0
--- 11,817 MB collected in 0.049 secs (0.4% of total), longest GC took 0.002 secs
DATA gc:  total_k 12100662  total_secs 0.049422  max_secs 0.002114
