startup =       4000
elapsed =       10000
threads =       4
accounts =      4
init =          1000000
maxAmount =     10
readFreq =      0
writeFreq =     0
readThreads =   0
writeThreads =  0
disjointTrans = false
yieldALot =     false
flavour =       d

warming up
timed execution

TOTAL=4000000.0 [ 971821.0 1025823.0 992473.0 1009883.0 ]

10001 actual elapsed

T=1616475, R=0, W=0
T=1442052, R=0, W=0
T=1283801, R=0, W=0
T=1493675, R=0, W=0

TOTAL: T=5836003, R=0, W=0
--- 6,847 MB collected in 0.054 secs (0.4% of total), longest GC took 0.003 secs
DATA gc:  total_k 7012014  total_secs 0.053802  max_secs 0.002766
