startup =       4000
elapsed =       10000
threads =       16
accounts =      16
init =          1000000
maxAmount =     10
readFreq =      0
writeFreq =     0
readThreads =   0
writeThreads =  0
disjointTrans = false
yieldALot =     false
flavour =       rfw

warming up
timed execution

TOTAL=1.6E7 [ 1027540.0 997065.0 1011045.0 1010280.0 1018398.0 986919.0 977006.0 1041797.0 983828.0 967068.0 963793.0 1003645.0 1014973.0 1027893.0 990429.0 978321.0 ]

10002 actual elapsed

T=793383, R=0, W=0
T=762244, R=0, W=0
T=640854, R=0, W=0
T=816215, R=0, W=0
T=721557, R=0, W=0
T=866625, R=0, W=0
T=755913, R=0, W=0
T=620900, R=0, W=0
T=769797, R=0, W=0
T=769756, R=0, W=0
T=927352, R=0, W=0
T=615221, R=0, W=0
T=529816, R=0, W=0
T=803755, R=0, W=0
T=730501, R=0, W=0
T=838871, R=0, W=0

TOTAL: T=11962760, R=0, W=0
--- 18,157 MB collected in 0.060 secs (0.4% of total), longest GC took 0.003 secs
DATA gc:  total_k 18593117  total_secs 0.060177  max_secs 0.002723
