startup =       4000
elapsed =       10000
threads =       32
accounts =      32
init =          1000000
maxAmount =     10
readFreq =      0
writeFreq =     0
readThreads =   0
writeThreads =  0
disjointTrans = false
yieldALot =     false
flavour =       d

warming up
timed execution

TOTAL=3.2000004E7 [ 1008145.0 982872.0 1076911.0 1001393.0 1001387.0 988547.0 958524.0 1002082.0 1020507.0 1037917.0 959869.0 1007123.0 983482.0 998781.0 1026385.0 976717.0 1003322.0 971426.0 1028087.0 989212.0 930478.0 1071821.0 986871.0 1023254.0 1024137.0 978607.0 984102.0 1015382.0 1065375.0 969878.0 944665.0 982741.0 ]

10002 actual elapsed

T=720285, R=0, W=0
T=603101, R=0, W=0
T=744532, R=0, W=0
T=687274, R=0, W=0
T=661154, R=0, W=0
T=756035, R=0, W=0
T=654919, R=0, W=0
T=561251, R=0, W=0
T=603102, R=0, W=0
T=761795, R=0, W=0
T=658812, R=0, W=0
T=620598, R=0, W=0
T=684696, R=0, W=0
T=734244, R=0, W=0
T=773626, R=0, W=0
T=682378, R=0, W=0
T=686502, R=0, W=0
T=686442, R=0, W=0
T=639883, R=0, W=0
T=738099, R=0, W=0
T=679908, R=0, W=0
T=761798, R=0, W=0
T=678304, R=0, W=0
T=735144, R=0, W=0
T=704372, R=0, W=0
T=756104, R=0, W=0
T=737939, R=0, W=0
T=754157, R=0, W=0
T=668217, R=0, W=0
T=653094, R=0, W=0
T=644820, R=0, W=0
T=699193, R=0, W=0

TOTAL: T=22131778, R=0, W=0
--- 21,378 MB collected in 0.102 secs (0.7% of total), longest GC took 0.003 secs
DATA gc:  total_k 21892051  total_secs 0.102217  max_secs 0.003005
