startup =       4000
elapsed =       10000
threads =       4
accounts =      128
init =          1000000
maxAmount =     10
readFreq =      0
writeFreq =     0
readThreads =   0
writeThreads =  0
disjointTrans = false
yieldALot =     false
flavour =       d

warming up
timed execution

TOTAL=1.28000048E8 [ 1004653.0 1001147.0 1010477.0 995460.0 990617.0 991879.0 994119.0 985954.0 999889.0 1005477.0 998309.0 989246.0 993652.0 1008007.0 1005140.0 1001431.0 990085.0 1015907.0 1014619.0 1014175.0 1008463.0 991278.0 1003421.0 980971.0 991880.0 1006376.0 986924.0 987854.0 1007788.0 996863.0 1010977.0 998569.0 1007511.0 1006185.0 998682.0 1008220.0 993394.0 1004746.0 1004549.0 1002503.0 1014761.0 1002224.0 1003863.0 986314.0 1005592.0 991480.0 993508.0 1000746.0 1008192.0 1017734.0 994588.0 994254.0 994167.0 998935.0 1001831.0 992387.0 991443.0 1005096.0 1003796.0 995554.0 1002300.0 989667.0 1005891.0 995962.0 1021934.0 995866.0 986255.0 1010341.0 995624.0 991680.0 992554.0 997541.0 991937.0 1003550.0 992275.0 1001237.0 1012534.0 992228.0 1014300.0 1000508.0 998316.0 995509.0 993050.0 1007336.0 1003032.0 1000632.0 986745.0 991929.0 998635.0 999765.0 995086.0 993237.0 1004156.0 1012292.0 999959.0 987932.0 1012198.0 1007399.0 976707.0 1003078.0 1022793.0 1018331.0 1021094.0 1003670.0 1001787.0 979707.0 1012135.0 1009136.0 1006272.0 1004937.0 1009204.0 992135.0 991205.0 1010325.0 1005507.0 980989.0 997001.0 980934.0 1000295.0 988571.0 994337.0 990286.0 1005776.0 994526.0 1004510.0 1008554.0 1004829.0 996115.0 ]

10001 actual elapsed

T=6503232, R=0, W=0
T=5926487, R=0, W=0
T=8415551, R=0, W=0
T=9566599, R=0, W=0

TOTAL: T=30411869, R=0, W=0
--- 19,977 MB collected in 0.049 secs (0.3% of total), longest GC took 0.002 secs
DATA gc:  total_k 20457142  total_secs 0.049022  max_secs 0.001915
