startup =       20000
elapsed =       10000
threads =       4
accounts =      4
init =          1000000
maxAmount =     10
readFreq =      0
writeFreq =     0
readThreads =   0
writeThreads =  0
disjointTrans = false
yieldALot =     false
flavour =       rfw

warming up
timed execution

TOTAL=4000000.0 [ 1008066.0 1012668.0 988914.0 990352.0 ]

10001 actual elapsed

T=1681212, R=0, W=0
T=1533901, R=0, W=0
T=1496365, R=0, W=0
T=1723358, R=0, W=0

TOTAL: T=6434836, R=0, W=0
--- 17,396 MB collected in 0.126 secs (0.4% of total), longest GC took 0.003 secs
DATA gc:  total_k 17813895  total_secs 0.125805  max_secs 0.002892
