startup =       20000
elapsed =       10000
threads =       8
accounts =      8
init =          1000000
maxAmount =     10
readFreq =      0
writeFreq =     0
readThreads =   0
writeThreads =  0
disjointTrans = false
yieldALot =     false
flavour =       t

warming up
timed execution

TOTAL=8000000.0 [ 1001550.0 998541.0 1012675.0 1004975.0 1007878.0 985747.0 996990.0 991644.0 ]

10002 actual elapsed

T=1280373, R=0, W=0
T=1356797, R=0, W=0
T=1316526, R=0, W=0
T=1301649, R=0, W=0
T=1278250, R=0, W=0
T=1250210, R=0, W=0
T=1233966, R=0, W=0
T=1257087, R=0, W=0

TOTAL: T=10274858, R=0, W=0
--- 33,206 MB collected in 0.119 secs (0.4% of total), longest GC took 0.003 secs
DATA gc:  total_k 34003962  total_secs 0.118647  max_secs 0.003089
