startup =       20000
elapsed =       10000
threads =       4
accounts =      4
init =          1000000
maxAmount =     10
readFreq =      0
writeFreq =     0
readThreads =   0
writeThreads =  0
disjointTrans = false
yieldALot =     false
flavour =       t

warming up
timed execution

TOTAL=4000000.0 [ 995393.0 1015157.0 1011124.0 978326.0 ]

10001 actual elapsed

T=1802063, R=0, W=0
T=1811865, R=0, W=0
T=1682223, R=0, W=0
T=1845338, R=0, W=0

TOTAL: T=7141489, R=0, W=0
--- 20,497 MB collected in 0.079 secs (0.3% of total), longest GC took 0.002 secs
DATA gc:  total_k 20989895  total_secs 0.079108  max_secs 0.002279
