startup =       4000
elapsed =       10000
threads =       8
accounts =      8
init =          1000000
maxAmount =     10
readFreq =      0
writeFreq =     0
readThreads =   0
writeThreads =  0
disjointTrans = false
yieldALot =     false
flavour =       d

warming up
timed execution

TOTAL=8000000.0 [ 1001519.0 1013265.0 981621.0 999464.0 978120.0 981008.0 1048024.0 996979.0 ]

10002 actual elapsed

T=915919, R=0, W=0
T=882896, R=0, W=0
T=1078444, R=0, W=0
T=1089424, R=0, W=0
T=884695, R=0, W=0
T=1037021, R=0, W=0
T=946084, R=0, W=0
T=1042657, R=0, W=0

TOTAL: T=7877140, R=0, W=0
--- 10,314 MB collected in 0.038 secs (0.3% of total), longest GC took 0.003 secs
DATA gc:  total_k 10562189  total_secs 0.038123  max_secs 0.002797
