startup =       4000
elapsed =       10000
threads =       4
accounts =      4
init =          1000000
maxAmount =     10
readFreq =      0
writeFreq =     0
readThreads =   0
writeThreads =  0
disjointTrans = false
yieldALot =     false
flavour =       rfw

warming up
timed execution

TOTAL=4000000.0 [ 1024664.0 1010770.0 982198.0 982368.0 ]

10002 actual elapsed

T=1630605, R=0, W=0
T=1674263, R=0, W=0
T=1540023, R=0, W=0
T=1339159, R=0, W=0

TOTAL: T=6184050, R=0, W=0
--- 7,716 MB collected in 0.056 secs (0.4% of total), longest GC took 0.003 secs
DATA gc:  total_k 7901678  total_secs 0.056138  max_secs 0.002775
