startup =       20000
elapsed =       10000
threads =       8
accounts =      8
init =          1000000
maxAmount =     10
readFreq =      0
writeFreq =     0
readThreads =   0
writeThreads =  0
disjointTrans = false
yieldALot =     false
flavour =       rfw

warming up
timed execution

TOTAL=8000000.0 [ 1013152.0 967389.0 981621.0 1006829.0 999378.0 991581.0 1000339.0 1039711.0 ]

10001 actual elapsed

T=1236171, R=0, W=0
T=1269129, R=0, W=0
T=1214347, R=0, W=0
T=1216420, R=0, W=0
T=1087192, R=0, W=0
T=1216818, R=0, W=0
T=1247323, R=0, W=0
T=1095368, R=0, W=0

TOTAL: T=9582768, R=0, W=0
--- 29,245 MB collected in 0.091 secs (0.3% of total), longest GC took 0.002 secs
DATA gc:  total_k 29947490  total_secs 0.090686  max_secs 0.002452
