startup =       20000
elapsed =       10000
threads =       4
accounts =      4
init =          1000000
maxAmount =     10
readFreq =      0
writeFreq =     0
readThreads =   0
writeThreads =  0
disjointTrans = false
yieldALot =     false
flavour =       d

warming up
timed execution

TOTAL=4000000.0 [ 1010574.0 1009492.0 987305.0 992629.0 ]

10001 actual elapsed

T=1789567, R=0, W=0
T=1689678, R=0, W=0
T=1688285, R=0, W=0
T=1685016, R=0, W=0

TOTAL: T=6852546, R=0, W=0
--- 16,652 MB collected in 0.111 secs (0.4% of total), longest GC took 0.003 secs
DATA gc:  total_k 17051655  total_secs 0.110684  max_secs 0.002873
