startup =       20000
elapsed =       10000
threads =       8
accounts =      8
init =          1000000
maxAmount =     10
readFreq =      0
writeFreq =     0
readThreads =   0
writeThreads =  0
disjointTrans = false
yieldALot =     false
flavour =       d

warming up
timed execution

TOTAL=8000000.0 [ 973897.0 1012202.0 1000833.0 1005140.0 967206.0 1010253.0 1014448.0 1016021.0 ]

10001 actual elapsed

T=983174, R=0, W=0
T=978127, R=0, W=0
T=1063678, R=0, W=0
T=1082393, R=0, W=0
T=807618, R=0, W=0
T=1066201, R=0, W=0
T=903546, R=0, W=0
T=1015688, R=0, W=0

TOTAL: T=7900425, R=0, W=0
--- 24,155 MB collected in 0.116 secs (0.4% of total), longest GC took 0.003 secs
DATA gc:  total_k 24735142  total_secs 0.115987  max_secs 0.002949
