startup =       4000
elapsed =       10000
threads =       8
accounts =      8
init =          1000000
maxAmount =     10
readFreq =      0
writeFreq =     0
readThreads =   0
writeThreads =  0
disjointTrans = false
yieldALot =     false
flavour =       rfw

warming up
timed execution

TOTAL=8000000.0 [ 1008868.0 960945.0 1012307.0 1038841.0 1041952.0 1034979.0 976985.0 925123.0 ]

10001 actual elapsed

T=871647, R=0, W=0
T=1169690, R=0, W=0
T=901382, R=0, W=0
T=1037228, R=0, W=0
T=1076383, R=0, W=0
T=1151899, R=0, W=0
T=1085065, R=0, W=0
T=1057262, R=0, W=0

TOTAL: T=8350556, R=0, W=0
--- 12,026 MB collected in 0.055 secs (0.4% of total), longest GC took 0.002 secs
DATA gc:  total_k 12315597  total_secs 0.054547  max_secs 0.002479
