startup =       4000
elapsed =       10000
threads =       32
accounts =      32
init =          1000000
maxAmount =     10
readFreq =      0
writeFreq =     0
readThreads =   0
writeThreads =  0
disjointTrans = false
yieldALot =     false
flavour =       rfw

warming up
timed execution

TOTAL=3.2000004E7 [ 1005091.0 1011060.0 997118.0 1003224.0 996313.0 1014247.0 981947.0 1004391.0 992839.0 1002528.0 985559.0 1002751.0 993317.0 976317.0 1016144.0 990169.0 999459.0 1007034.0 994920.0 988067.0 1010935.0 1005851.0 1008419.0 984839.0 1000569.0 984076.0 997086.0 1001989.0 1008317.0 1009838.0 1007362.0 1018224.0 ]

10002 actual elapsed

T=812465, R=0, W=0
T=780370, R=0, W=0
T=722612, R=0, W=0
T=845116, R=0, W=0
T=772904, R=0, W=0
T=582775, R=0, W=0
T=803198, R=0, W=0
T=741113, R=0, W=0
T=839499, R=0, W=0
T=879074, R=0, W=0
T=875914, R=0, W=0
T=807367, R=0, W=0
T=797189, R=0, W=0
T=857653, R=0, W=0
T=865859, R=0, W=0
T=739511, R=0, W=0
T=820891, R=0, W=0
T=761744, R=0, W=0
T=782494, R=0, W=0
T=790704, R=0, W=0
T=782880, R=0, W=0
T=865453, R=0, W=0
T=774353, R=0, W=0
T=810034, R=0, W=0
T=771692, R=0, W=0
T=763659, R=0, W=0
T=833099, R=0, W=0
T=886995, R=0, W=0
T=890232, R=0, W=0
T=786373, R=0, W=0
T=885948, R=0, W=0
T=777798, R=0, W=0

TOTAL: T=25706968, R=0, W=0
--- 26,503 MB collected in 0.088 secs (0.6% of total), longest GC took 0.004 secs
DATA gc:  total_k 27139631  total_secs 0.08761  max_secs 0.00412
