startup =       4000
elapsed =       10000
threads =       16
accounts =      16
init =          1000000
maxAmount =     10
readFreq =      0
writeFreq =     0
readThreads =   0
writeThreads =  0
disjointTrans = false
yieldALot =     false
flavour =       rfw

warming up
timed execution

TOTAL=1.6E7 [ 992905.0 1001421.0 1008353.0 999279.0 984228.0 1005212.0 1017109.0 996692.0 994519.0 986076.0 1009102.0 1001415.0 997756.0 984979.0 1007870.0 1013084.0 ]

10001 actual elapsed

T=1001796, R=0, W=0
T=824033, R=0, W=0
T=680261, R=0, W=0
T=879876, R=0, W=0
T=905967, R=0, W=0
T=709114, R=0, W=0
T=1004526, R=0, W=0
T=773945, R=0, W=0
T=1064301, R=0, W=0
T=899983, R=0, W=0
T=924003, R=0, W=0
T=939279, R=0, W=0
T=996587, R=0, W=0
T=671281, R=0, W=0
T=1035346, R=0, W=0
T=1006248, R=0, W=0

TOTAL: T=14316546, R=0, W=0
--- 19,281 MB collected in 0.093 secs (0.7% of total), longest GC took 0.003 secs
DATA gc:  total_k 19744409  total_secs 0.092543  max_secs 0.003069
