startup =       4000
elapsed =       10000
threads =       4
accounts =      4
init =          1000000
maxAmount =     10
readFreq =      0
writeFreq =     0
readThreads =   0
writeThreads =  0
disjointTrans = false
yieldALot =     false
flavour =       d

warming up
timed execution

TOTAL=4000000.0 [ 1008367.0 1006542.0 993736.0 991355.0 ]

10001 actual elapsed

T=1389057, R=0, W=0
T=1564969, R=0, W=0
T=1600891, R=0, W=0
T=1550906, R=0, W=0

TOTAL: T=6105823, R=0, W=0
--- 6,975 MB collected in 0.044 secs (0.3% of total), longest GC took 0.002 secs
DATA gc:  total_k 7143319  total_secs 0.043914  max_secs 0.002351
