startup =       4000
elapsed =       10000
threads =       4
accounts =      4
init =          1000000
maxAmount =     10
readFreq =      0
writeFreq =     0
readThreads =   0
writeThreads =  0
disjointTrans = false
yieldALot =     false
flavour =       rfw

warming up
timed execution

TOTAL=4000000.0 [ 1024188.0 992524.0 984949.0 998339.0 ]

10001 actual elapsed

T=1573435, R=0, W=0
T=1696530, R=0, W=0
T=1455030, R=0, W=0
T=1726979, R=0, W=0

TOTAL: T=6451974, R=0, W=0
--- 7,968 MB collected in 0.035 secs (0.3% of total), longest GC took 0.002 secs
DATA gc:  total_k 8159511  total_secs 0.035426  max_secs 0.002235
