startup =       20000
elapsed =       10000
threads =       4
accounts =      4
init =          1000000
maxAmount =     10
readFreq =      0
writeFreq =     0
readThreads =   0
writeThreads =  0
disjointTrans = false
yieldALot =     false
flavour =       d

warming up
timed execution

TOTAL=4000000.0 [ 984500.0 1022123.0 1000472.0 992905.0 ]

10013 actual elapsed

T=316566, R=0, W=0
T=316933, R=0, W=0
T=315473, R=0, W=0
T=320706, R=0, W=0

TOTAL: T=1269678, R=0, W=0
--- 1546 MB collected in 0.491 secs (1.7% of total), longest GC took 0.184 secs
DATA gc:  total_k 1583576  total_secs 0.490779  max_secs 0.183906
