startup =       20000
elapsed =       10000
threads =       32
accounts =      32
init =          1000000
maxAmount =     10
readFreq =      0
writeFreq =     0
readThreads =   0
writeThreads =  0
disjointTrans = false
yieldALot =     false
flavour =       t

warming up
timed execution

TOTAL=3.1999996E7 [ 1011573.0 997458.0 1007354.0 995359.0 1003526.0 1003019.0 1003272.0 995618.0 1000978.0 998895.0 1001196.0 995362.0 1000010.0 1003462.0 1002239.0 1000074.0 1004303.0 993115.0 994925.0 999397.0 1003389.0 1001242.0 1007655.0 1001210.0 1001462.0 990987.0 1005531.0 1002378.0 995270.0 989216.0 994172.0 996353.0 ]

10014 actual elapsed

T=187187, R=0, W=0
T=194275, R=0, W=0
T=186783, R=0, W=0
T=189669, R=0, W=0
T=183178, R=0, W=0
T=192070, R=0, W=0
T=191882, R=0, W=0
T=187642, R=0, W=0
T=181421, R=0, W=0
T=189160, R=0, W=0
T=191566, R=0, W=0
T=191092, R=0, W=0
T=186352, R=0, W=0
T=192433, R=0, W=0
T=193212, R=0, W=0
T=185530, R=0, W=0
T=188143, R=0, W=0
T=187231, R=0, W=0
T=194510, R=0, W=0
T=185872, R=0, W=0
T=187436, R=0, W=0
T=192560, R=0, W=0
T=190453, R=0, W=0
T=187504, R=0, W=0
T=189705, R=0, W=0
T=194858, R=0, W=0
T=194584, R=0, W=0
T=190457, R=0, W=0
T=189662, R=0, W=0
T=192225, R=0, W=0
T=194150, R=0, W=0
T=186524, R=0, W=0

TOTAL: T=6069326, R=0, W=0
--- 9331 MB collected in 1.254 secs (4.0% of total), longest GC took 0.173 secs
DATA gc:  total_k 9555515  total_secs 1.25405  max_secs 0.172593
