startup =       20000
elapsed =       10000
threads =       8
accounts =      8
init =          1000000
maxAmount =     10
readFreq =      0
writeFreq =     0
readThreads =   0
writeThreads =  0
disjointTrans = false
yieldALot =     false
flavour =       t

warming up
timed execution

TOTAL=8000000.0 [ 1009758.0 1003179.0 999350.0 1000189.0 1002290.0 992712.0 997147.0 995375.0 ]

10014 actual elapsed

T=272629, R=0, W=0
T=262538, R=0, W=0
T=271887, R=0, W=0
T=286078, R=0, W=0
T=269796, R=0, W=0
T=263077, R=0, W=0
T=269310, R=0, W=0
T=272726, R=0, W=0

TOTAL: T=2168041, R=0, W=0
--- 3924 MB collected in 0.654 secs (2.0% of total), longest GC took 0.159 secs
DATA gc:  total_k 4019189  total_secs 0.653751  max_secs 0.159175
