startup =       20000
elapsed =       10000
threads =       16
accounts =      16
init =          1000000
maxAmount =     10
readFreq =      0
writeFreq =     0
readThreads =   0
writeThreads =  0
disjointTrans = false
yieldALot =     false
flavour =       rfw

warming up
timed execution

TOTAL=1.6E7 [ 1000742.0 1006662.0 985362.0 1003988.0 1006353.0 997467.0 1004784.0 996585.0 993210.0 997796.0 998522.0 1010292.0 1003926.0 999628.0 1000701.0 993982.0 ]

10271 actual elapsed

T=224251, R=0, W=0
T=220215, R=0, W=0
T=213846, R=0, W=0
T=214844, R=0, W=0
T=215178, R=0, W=0
T=214632, R=0, W=0
T=219084, R=0, W=0
T=213611, R=0, W=0
T=218718, R=0, W=0
T=218058, R=0, W=0
T=218260, R=0, W=0
T=222153, R=0, W=0
T=216537, R=0, W=0
T=217077, R=0, W=0
T=212502, R=0, W=0
T=221288, R=0, W=0

TOTAL: T=3480254, R=0, W=0
--- 6295 MB collected in 0.871 secs (2.7% of total), longest GC took 0.142 secs
DATA gc:  total_k 6446222  total_secs 0.870563  max_secs 0.142491
